Ascend
Raw:0.09040332,-1.6117496,1.5604863,0.26295984,-4.0252347,0.28208363,-2.7048197,-1.3710998,4.6173954,-2.2358575
EFT:0.09040241,-1.6117493,1.5604857,0.2629596,-4.0252347,0.28208375,-2.70482,-1.3711,4.6173954,-2.235857
Descend
Raw:0.09040189,-1.6117496,1.5604861,0.26295984,-4.025234,0.2820832,-2.7048204,-1.3711004,4.617395,-2.235857
EFT:0.09040241,-1.6117494,1.5604857,0.2629596,-4.0252347,0.28208375,-2.70482,-1.3711001,4.617396,-2.235857
Random1
Raw:0.090402484,-1.6117494,1.5604856,0.26295996,-4.0252347,0.2820836,-2.7048206,-1.3711,4.6173954,-2.2358575
EFT:0.09040241,-1.6117493,1.5604857,0.2629596,-4.0252347,0.28208375,-2.70482,-1.3711,4.6173954,-2.235857
Random2
Raw:0.09040362,-1.6117495,1.5604863,0.2629603,-4.0252357,0.28208256,-2.7048194,-1.3710996,4.6173964,-2.2358577
EFT:0.09040241,-1.6117493,1.5604857,0.2629596,-4.0252347,0.28208375,-2.70482,-1.3711,4.6173954,-2.235857
Random3
Raw:0.09040332,-1.6117498,1.5604863,0.2629602,-4.0252357,0.28208256,-2.7048194,-1.3711001,4.6173964,-2.2358577
EFT:0.09040241,-1.6117494,1.5604857,0.2629596,-4.025234,0.28208375,-2.70482,-1.3711,4.6173954,-2.235857
Random4
Raw:0.09040171,-1.6117498,1.5604868,0.2629602,-4.025235,0.28208303,-2.7048204,-1.3711004,4.6173954,-2.235857
EFT:0.09040241,-1.6117493,1.5604857,0.2629596,-4.0252347,0.28208375,-2.70482,-1.3711,4.6173954,-2.235857
Random5
Raw:0.09040177,-1.6117499,1.5604844,0.262959,-4.0252323,0.28208482,-2.7048197,-1.3710998,4.6173944,-2.2358558
EFT:0.09040241,-1.6117493,1.5604857,0.2629596,-4.025234,0.28208375,-2.70482,-1.3711,4.617396,-2.235857
Random6
Raw:0.0904032,-1.6117499,1.5604851,0.26295984,-4.0252347,0.28208327,-2.7048194,-1.3710989,4.617396,-2.2358575
EFT:0.09040241,-1.6117493,1.5604857,0.2629596,-4.025234,0.28208375,-2.70482,-1.3711,4.6173954,-2.235857
Random7
Raw:0.09040344,-1.6117495,1.5604868,0.26296067,-4.025236,0.28208286,-2.70482,-1.3711,4.6173964,-2.235858
EFT:0.09040241,-1.6117493,1.5604857,0.2629596,-4.0252347,0.28208375,-2.70482,-1.3711001,4.6173954,-2.235857
Random8
Raw:0.090402484,-1.6117496,1.5604856,0.2629596,-4.025234,0.28208354,-2.70482,-1.3711002,4.617395,-2.2358565
EFT:0.09040241,-1.6117493,1.5604857,0.2629596,-4.0252347,0.28208375,-2.70482,-1.3711,4.617396,-2.235857
Random9
Raw:0.09040165,-1.6117499,1.5604863,0.2629603,-4.0252357,0.2820835,-2.7048206,-1.3711001,4.6173954,-2.2358568
EFT:0.09040241,-1.6117493,1.5604857,0.2629596,-4.025234,0.28208375,-2.70482,-1.3711,4.617396,-2.235857
Random10
Raw:0.09040189,-1.6117501,1.5604858,0.26295936,-4.025235,0.2820838,-2.7048202,-1.3710995,4.6173954,-2.235857
EFT:0.09040241,-1.6117493,1.5604857,0.2629596,-4.025234,0.28208375,-2.70482,-1.3711,4.6173954,-2.235857
Random11
Raw:0.090402484,-1.6117496,1.5604861,0.26295972,-4.0252347,0.28208292,-2.7048194,-1.3711003,4.6173954,-2.235857
EFT:0.09040241,-1.6117494,1.5604857,0.2629596,-4.025234,0.28208375,-2.70482,-1.3711001,4.6173954,-2.235857
Random12
Raw:0.09040302,-1.6117492,1.5604863,0.26296043,-4.0252357,0.28208336,-2.7048204,-1.3711004,4.617396,-2.235858
EFT:0.09040241,-1.6117493,1.5604857,0.2629596,-4.025234,0.28208375,-2.70482,-1.3711001,4.6173954,-2.235857
Random13
Raw:0.090400815,-1.6117496,1.5604856,0.26295936,-4.025234,0.282084,-2.7048204,-1.3710996,4.6173954,-2.2358568
EFT:0.09040241,-1.6117494,1.5604857,0.2629596,-4.0252347,0.28208375,-2.70482,-1.3711,4.6173954,-2.235857
Random14
Raw:0.09040356,-1.6117495,1.5604861,0.2629596,-4.0252347,0.28208393,-2.7048204,-1.3711002,4.6173954,-2.235857
EFT:0.09040241,-1.6117494,1.5604857,0.2629596,-4.0252347,0.28208375,-2.70482,-1.3711,4.6173954,-2.235857
Random15
Raw:0.090400696,-1.6117496,1.5604868,0.2629603,-4.0252347,0.28208345,-2.7048209,-1.3711003,4.617396,-2.2358575
EFT:0.09040241,-1.6117493,1.5604857,0.2629596,-4.0252347,0.28208375,-2.70482,-1.3711,4.6173954,-2.235857
Random16
Raw:0.09040201,-1.6117494,1.5604861,0.2629602,-4.0252357,0.28208363,-2.7048206,-1.3710994,4.6173954,-2.235857
EFT:0.09040241,-1.6117494,1.5604857,0.2629596,-4.025234,0.28208375,-2.70482,-1.3711,4.6173954,-2.235857
Random17
Raw:0.09040207,-1.6117495,1.5604851,0.26295936,-4.025234,0.28208435,-2.70482,-1.3711002,4.6173954,-2.2358565
EFT:0.09040241,-1.6117493,1.5604857,0.2629596,-4.025234,0.28208375,-2.70482,-1.3711,4.617396,-2.235857
Random18
Raw:0.09040213,-1.6117495,1.5604854,0.26296008,-4.025234,0.28208435,-2.7048194,-1.3710996,4.617395,-2.2358563
EFT:0.09040241,-1.6117493,1.5604857,0.2629596,-4.0252347,0.28208375,-2.70482,-1.3711,4.6173954,-2.235857
Random19
Raw:0.090402246,-1.6117496,1.5604858,0.2629603,-4.025235,0.28208297,-2.7048204,-1.3710994,4.617396,-2.2358575
EFT:0.09040241,-1.6117493,1.5604857,0.2629596,-4.025234,0.28208375,-2.70482,-1.3711001,4.6173954,-2.235857
Random20
Raw:0.090402246,-1.6117499,1.5604861,0.26296008,-4.025235,0.2820834,-2.7048202,-1.3710998,4.617396,-2.2358575
EFT:0.09040241,-1.6117493,1.5604857,0.2629596,-4.0252347,0.28208375,-2.70482,-1.3711,4.6173954,-2.235857
Random21
Raw:0.09040165,-1.6117496,1.5604858,0.26295936,-4.025234,0.28208417,-2.7048204,-1.3711002,4.6173954,-2.2358563
EFT:0.09040241,-1.6117493,1.5604857,0.2629596,-4.025234,0.28208375,-2.70482,-1.3711,4.6173954,-2.235857
Random22
Raw:0.09040153,-1.6117492,1.5604856,0.26295996,-4.025234,0.2820836,-2.70482,-1.3710998,4.6173954,-2.235857
EFT:0.09040241,-1.6117493,1.5604857,0.2629596,-4.0252347,0.28208375,-2.70482,-1.3711,4.6173954,-2.235857
Random23
Raw:0.0904032,-1.6117494,1.5604856,0.26295996,-4.0252347,0.28208363,-2.7048202,-1.3711,4.6173954,-2.235857
EFT:0.09040241,-1.6117493,1.5604857,0.2629596,-4.0252347,0.28208375,-2.70482,-1.3711,4.6173954,-2.235857
Random24
Raw:0.09040284,-1.6117495,1.5604866,0.2629602,-4.0252357,0.28208268,-2.7048197,-1.3710996,4.617396,-2.2358575
EFT:0.09040241,-1.6117494,1.5604857,0.2629596,-4.0252347,0.28208375,-2.70482,-1.3711,4.617396,-2.235857
Random25
Raw:0.09040314,-1.611749,1.5604866,0.26295948,-4.0252337,0.2820841,-2.70482,-1.3711003,4.6173954,-2.2358568
EFT:0.09040241,-1.6117493,1.5604857,0.2629596,-4.025234,0.28208375,-2.70482,-1.3711,4.6173954,-2.235857
Random26
Raw:0.090402424,-1.6117499,1.5604866,0.26296055,-4.0252357,0.28208256,-2.70482,-1.3710994,4.617396,-2.235858
EFT:0.09040241,-1.6117493,1.5604857,0.2629596,-4.025234,0.28208375,-2.70482,-1.3711,4.617396,-2.235857
Random27
Raw:0.09040308,-1.6117496,1.5604863,0.26295984,-4.0252347,0.28208292,-2.7048194,-1.3711001,4.617396,-2.2358577
EFT:0.09040241,-1.6117494,1.5604857,0.2629596,-4.0252347,0.28208375,-2.70482,-1.3711001,4.6173954,-2.235857
Random28
Raw:0.090402484,-1.6117494,1.5604856,0.2629596,-4.0252347,0.28208327,-2.70482,-1.3710995,4.617395,-2.235857
EFT:0.09040241,-1.6117493,1.5604857,0.2629596,-4.0252347,0.28208375,-2.70482,-1.3711,4.6173954,-2.235857
Random29
Raw:0.09040189,-1.6117498,1.5604844,0.26295936,-4.0252333,0.2820843,-2.7048194,-1.3710995,4.617395,-2.235856
EFT:0.09040241,-1.6117493,1.5604857,0.2629596,-4.0252347,0.28208375,-2.70482,-1.3711,4.6173954,-2.235857
Random30
Raw:0.0904032,-1.6117498,1.5604854,0.26295972,-4.025233,0.28208357,-2.7048192,-1.3710998,4.6173954,-2.235857
EFT:0.09040241,-1.6117493,1.5604857,0.2629596,-4.0252347,0.28208375,-2.70482,-1.3711,4.617396,-2.235857
Random31
Raw:0.090400934,-1.6117494,1.5604866,0.26296008,-4.0252347,0.2820841,-2.7048209,-1.3711001,4.6173954,-2.235857
EFT:0.09040241,-1.6117493,1.5604857,0.2629596,-4.0252347,0.28208375,-2.70482,-1.3711,4.6173954,-2.235857
Random32
Raw:0.09040153,-1.6117499,1.5604858,0.26295948,-4.0252337,0.28208426,-2.7048204,-1.3710991,4.617395,-2.2358565
EFT:0.09040241,-1.6117493,1.5604857,0.2629596,-4.0252347,0.28208375,-2.70482,-1.3711,4.6173954,-2.235857
Random33
Raw:0.090400755,-1.611749,1.5604863,0.26295996,-4.0252347,0.28208435,-2.7048213,-1.3711004,4.617395,-2.235857
EFT:0.09040241,-1.6117493,1.5604857,0.2629596,-4.025234,0.28208375,-2.70482,-1.3711001,4.6173954,-2.235857
Random34
Raw:0.09040308,-1.6117496,1.5604854,0.26295972,-4.025234,0.28208387,-2.7048197,-1.3710995,4.617395,-2.2358565
EFT:0.09040241,-1.6117493,1.5604857,0.2629596,-4.0252347,0.28208375,-2.70482,-1.3711,4.6173954,-2.235857
Random35
Raw:0.090402365,-1.6117494,1.5604854,0.2629596,-4.025234,0.28208363,-2.7048197,-1.3710996,4.617396,-2.235857
EFT:0.09040241,-1.6117494,1.5604857,0.2629596,-4.025234,0.28208375,-2.70482,-1.3711,4.617396,-2.235857
Random36
Raw:0.09040189,-1.6117493,1.5604861,0.26296043,-4.025235,0.28208315,-2.70482,-1.3710997,4.617396,-2.2358577
EFT:0.09040241,-1.6117493,1.5604857,0.2629596,-4.025234,0.28208375,-2.70482,-1.3711,4.617396,-2.235857
Random37
Raw:0.090402246,-1.6117496,1.5604861,0.2629603,-4.0252347,0.28208268,-2.7048206,-1.3710991,4.6173954,-2.2358575
EFT:0.09040241,-1.6117494,1.5604857,0.2629596,-4.0252347,0.28208375,-2.70482,-1.3711,4.617396,-2.235857
Random38
Raw:0.09040213,-1.6117498,1.5604861,0.2629596,-4.025235,0.282084,-2.7048204,-1.3710998,4.617396,-2.2358572
EFT:0.09040241,-1.6117493,1.5604857,0.2629596,-4.0252347,0.28208375,-2.70482,-1.3711001,4.617396,-2.235857
Random39
Raw:0.09040189,-1.6117496,1.5604858,0.2629603,-4.025235,0.2820834,-2.7048197,-1.3710997,4.617396,-2.2358577
EFT:0.09040241,-1.6117493,1.5604857,0.2629596,-4.025234,0.28208375,-2.70482,-1.3711,4.617396,-2.235857
Random40
Raw:0.09040165,-1.6117498,1.5604858,0.26295996,-4.0252347,0.2820835,-2.7048204,-1.3710994,4.617396,-2.2358572
EFT:0.09040241,-1.6117494,1.5604857,0.2629596,-4.0252347,0.28208375,-2.70482,-1.3711,4.617396,-2.235857
Random41
Raw:0.09040177,-1.6117494,1.5604856,0.26295984,-4.0252347,0.2820841,-2.70482,-1.3710994,4.6173954,-2.2358565
EFT:0.09040241,-1.6117494,1.5604857,0.2629596,-4.0252347,0.28208375,-2.70482,-1.3711,4.6173954,-2.235857
Random42
Raw:0.09040189,-1.6117494,1.5604861,0.26295984,-4.0252333,0.28208458,-2.7048192,-1.3710997,4.617395,-2.2358565
EFT:0.09040241,-1.6117493,1.5604857,0.2629596,-4.0252347,0.28208375,-2.70482,-1.3711001,4.617396,-2.235857
Random43
Raw:0.09040022,-1.61175,1.5604856,0.2629602,-4.0252337,0.2820847,-2.7048206,-1.3711,4.617396,-2.235856
EFT:0.09040241,-1.6117493,1.5604857,0.2629596,-4.0252347,0.28208375,-2.70482,-1.3711,4.617396,-2.235857
Random44
Raw:0.090402365,-1.6117493,1.5604861,0.26295972,-4.025234,0.28208408,-2.7048204,-1.3711002,4.6173954,-2.2358568
EFT:0.09040241,-1.6117494,1.5604857,0.2629596,-4.025234,0.28208375,-2.70482,-1.3711,4.617396,-2.235857
Random45
Raw:0.09040308,-1.6117493,1.5604863,0.2629608,-4.0252366,0.28208315,-2.7048202,-1.3710997,4.6173954,-2.235858
EFT:0.09040241,-1.6117493,1.5604857,0.2629596,-4.0252347,0.28208375,-2.70482,-1.3711,4.617396,-2.235857
Random46
Raw:0.09040177,-1.6117498,1.5604866,0.26295984,-4.025235,0.28208315,-2.7048202,-1.3710998,4.6173954,-2.2358575
EFT:0.09040241,-1.6117493,1.5604857,0.2629596,-4.0252347,0.28208375,-2.70482,-1.3711,4.6173954,-2.235857
Random47
Raw:0.0904026,-1.6117499,1.5604849,0.26295948,-4.0252337,0.28208387,-2.7048192,-1.3711002,4.617395,-2.2358563
EFT:0.09040241,-1.6117493,1.5604857,0.2629596,-4.0252347,0.28208375,-2.70482,-1.3711,4.6173954,-2.235857
Random48
Raw:0.090402186,-1.6117506,1.5604863,0.26295936,-4.0252337,0.28208363,-2.7048197,-1.3711001,4.617395,-2.235856
EFT:0.09040241,-1.6117493,1.5604857,0.2629596,-4.0252347,0.28208375,-2.70482,-1.3711,4.6173954,-2.235857
Random49
Raw:0.09040123,-1.6117495,1.5604863,0.26295984,-4.0252347,0.28208345,-2.7048204,-1.3711002,4.617395,-2.2358572
EFT:0.09040241,-1.6117493,1.5604857,0.2629596,-4.0252347,0.28208375,-2.70482,-1.3711,4.617396,-2.235857
Random50
Raw:0.0904026,-1.6117498,1.5604858,0.26295984,-4.0252347,0.28208268,-2.70482,-1.3710997,4.617396,-2.2358575
EFT:0.09040241,-1.6117493,1.5604857,0.2629596,-4.0252347,0.28208375,-2.70482,-1.3711001,4.617396,-2.235857
Random51
Raw:0.0904026,-1.6117496,1.5604861,0.2629603,-4.025234,0.28208256,-2.70482,-1.3710998,4.6173954,-2.2358572
EFT:0.09040241,-1.6117494,1.5604857,0.2629596,-4.0252347,0.28208375,-2.70482,-1.3711,4.617396,-2.235857
Random52
Raw:0.09040308,-1.6117498,1.5604858,0.26296008,-4.0252357,0.28208303,-2.7048194,-1.3710998,4.6173964,-2.2358575
EFT:0.09040241,-1.6117493,1.5604857,0.2629596,-4.0252347,0.28208375,-2.70482,-1.3711001,4.617396,-2.235857
Random53
Raw:0.09040278,-1.6117498,1.5604863,0.2629608,-4.0252357,0.2820834,-2.70482,-1.3710998,4.617396,-2.2358577
EFT:0.09040241,-1.6117493,1.5604857,0.2629596,-4.025234,0.28208375,-2.70482,-1.3711,4.617396,-2.235857
Random54
Raw:0.0904026,-1.6117498,1.5604861,0.26295984,-4.025235,0.28208268,-2.70482,-1.3711001,4.6173954,-2.2358572
EFT:0.09040241,-1.6117493,1.5604857,0.2629596,-4.0252347,0.28208375,-2.70482,-1.3711,4.6173954,-2.235857
Random55
Raw:0.0904026,-1.6117493,1.5604846,0.26295936,-4.025233,0.2820853,-2.704819,-1.3711,4.6173944,-2.235856
EFT:0.09040241,-1.6117493,1.5604857,0.2629596,-4.0252347,0.28208375,-2.70482,-1.3711,4.6173954,-2.235857
Random56
Raw:0.090400755,-1.611749,1.5604863,0.26296067,-4.025234,0.28208387,-2.7048213,-1.3710997,4.6173954,-2.2358568
EFT:0.09040241,-1.6117494,1.5604857,0.2629596,-4.025234,0.28208375,-2.70482,-1.3711,4.6173954,-2.235857
Random57
Raw:0.0904035,-1.611749,1.5604849,0.26295936,-4.0252347,0.28208244,-2.7048192,-1.3710997,4.617395,-2.235857
EFT:0.09040241,-1.6117493,1.5604857,0.2629596,-4.0252347,0.28208375,-2.70482,-1.3711,4.617396,-2.235857
Random58
Raw:0.090402424,-1.6117495,1.5604856,0.26295996,-4.025234,0.282084,-2.7048204,-1.3710997,4.617396,-2.2358568
EFT:0.09040241,-1.6117493,1.5604857,0.2629596,-4.025234,0.28208375,-2.70482,-1.3711,4.617396,-2.235857
Random59
Raw:0.09040272,-1.6117496,1.5604854,0.26295972,-4.025234,0.28208363,-2.7048194,-1.3710997,4.617396,-2.235857
EFT:0.09040241,-1.6117493,1.5604857,0.2629596,-4.0252347,0.28208375,-2.70482,-1.3711,4.6173954,-2.235857
Random60
Raw:0.09040123,-1.6117494,1.5604866,0.2629603,-4.0252357,0.28208363,-2.7048213,-1.3710991,4.617396,-2.235858
EFT:0.09040241,-1.6117493,1.5604857,0.2629596,-4.0252347,0.28208375,-2.70482,-1.3711,4.6173954,-2.235857
Random61
Raw:0.090400934,-1.6117496,1.5604866,0.26295984,-4.0252347,0.28208363,-2.7048209,-1.3710998,4.6173954,-2.2358568
EFT:0.09040241,-1.6117494,1.5604857,0.2629596,-4.0252347,0.28208375,-2.70482,-1.3711001,4.617396,-2.235857
Random62
Raw:0.09040141,-1.6117498,1.5604854,0.26295877,-4.025233,0.2820841,-2.70482,-1.3711004,4.6173944,-2.2358558
EFT:0.09040241,-1.6117493,1.5604857,0.2629596,-4.0252347,0.28208375,-2.70482,-1.3711,4.6173954,-2.235857
Random63
Raw:0.09040272,-1.6117495,1.5604861,0.2629603,-4.025235,0.2820829,-2.70482,-1.3710992,4.6173964,-2.2358577
EFT:0.09040241,-1.6117493,1.5604857,0.2629596,-4.025234,0.28208375,-2.70482,-1.3711001,4.6173954,-2.235857
Random64
Raw:0.09040165,-1.61175,1.5604854,0.26295936,-4.0252333,0.28208435,-2.7048194,-1.3711002,4.617395,-2.2358563
EFT:0.09040241,-1.6117493,1.5604857,0.2629596,-4.025234,0.28208375,-2.70482,-1.3711,4.6173954,-2.235857
Random65
Raw:0.09040195,-1.61175,1.560487,0.2629603,-4.025235,0.28208327,-2.7048204,-1.3711001,4.617396,-2.2358577
EFT:0.09040241,-1.6117493,1.5604857,0.2629596,-4.025234,0.28208375,-2.70482,-1.3711001,4.6173954,-2.235857
Random66
Raw:0.090400696,-1.6117496,1.5604856,0.26295924,-4.025234,0.28208387,-2.7048206,-1.3710994,4.617396,-2.2358568
EFT:0.09040241,-1.6117493,1.5604857,0.2629596,-4.0252347,0.28208375,-2.70482,-1.3711001,4.6173954,-2.235857
Random67
Raw:0.090400815,-1.6117492,1.5604863,0.26296008,-4.025234,0.28208357,-2.7048206,-1.3710997,4.6173954,-2.235857
EFT:0.09040241,-1.6117493,1.5604857,0.2629596,-4.0252347,0.28208375,-2.70482,-1.3711,4.617396,-2.235857
Random68
Raw:0.09040415,-1.6117494,1.5604846,0.26295984,-4.025234,0.28208393,-2.7048187,-1.3711004,4.6173954,-2.2358565
EFT:0.09040241,-1.6117494,1.5604857,0.2629596,-4.025234,0.28208375,-2.70482,-1.3711,4.6173954,-2.235857
Random69
Raw:0.09040296,-1.6117496,1.5604854,0.26295972,-4.025234,0.28208363,-2.7048206,-1.3710997,4.6173954,-2.2358572
EFT:0.09040241,-1.6117493,1.5604857,0.2629596,-4.0252347,0.28208375,-2.70482,-1.3711001,4.6173954,-2.235857
Random70
Raw:0.09040332,-1.6117494,1.5604866,0.26296043,-4.0252357,0.28208303,-2.7048204,-1.3710997,4.617396,-2.2358582
EFT:0.09040241,-1.6117493,1.5604857,0.2629596,-4.0252347,0.28208375,-2.70482,-1.3711,4.6173954,-2.235857
Random71
Raw:0.09040046,-1.6117495,1.5604858,0.2629602,-4.025235,0.2820832,-2.7048206,-1.3710994,4.617396,-2.235857
EFT:0.09040241,-1.6117493,1.5604857,0.2629596,-4.025234,0.28208375,-2.70482,-1.3711,4.6173954,-2.235857
Random72
Raw:0.09040296,-1.6117498,1.5604858,0.2629603,-4.0252357,0.28208363,-2.70482,-1.3710998,4.6173964,-2.2358575
EFT:0.09040241,-1.6117493,1.5604857,0.2629596,-4.0252347,0.28208375,-2.70482,-1.3711,4.6173954,-2.235857
Random73
Raw:0.090400875,-1.6117494,1.5604856,0.26295972,-4.025234,0.28208405,-2.7048216,-1.3710995,4.617396,-2.2358565
EFT:0.09040241,-1.6117493,1.5604857,0.2629596,-4.025234,0.28208375,-2.70482,-1.3711001,4.6173954,-2.235857
Random74
Raw:0.090402424,-1.6117495,1.5604849,0.26295948,-4.025234,0.28208268,-2.7048185,-1.3710997,4.617395,-2.235857
EFT:0.09040241,-1.6117493,1.5604857,0.2629596,-4.025234,0.28208375,-2.70482,-1.3711,4.6173954,-2.235857
Random75
Raw:0.09040254,-1.61175,1.5604854,0.26295888,-4.0252337,0.28208363,-2.7048194,-1.3711,4.617395,-2.2358563
EFT:0.09040241,-1.6117493,1.5604857,0.2629596,-4.025234,0.28208375,-2.70482,-1.3711,4.6173954,-2.235857
Random76
Raw:0.0904026,-1.6117492,1.5604863,0.26295888,-4.0252337,0.282084,-2.7048197,-1.3711007,4.6173944,-2.2358563
EFT:0.09040241,-1.6117493,1.5604857,0.2629596,-4.025234,0.28208375,-2.70482,-1.3711,4.6173954,-2.235857
Random77
Raw:0.09040171,-1.6117493,1.5604863,0.26296008,-4.0252347,0.28208354,-2.70482,-1.3711,4.6173954,-2.235857
EFT:0.09040241,-1.6117493,1.5604857,0.2629596,-4.025234,0.28208375,-2.70482,-1.3711001,4.6173954,-2.235857
Random78
Raw:0.09040207,-1.6117495,1.5604856,0.2629596,-4.0252333,0.2820841,-2.7048197,-1.3711003,4.6173944,-2.235856
EFT:0.09040241,-1.6117493,1.5604857,0.2629596,-4.025234,0.28208375,-2.70482,-1.3711,4.6173954,-2.235857
Random79
Raw:0.09040302,-1.6117494,1.5604854,0.2629596,-4.025234,0.28208232,-2.7048187,-1.3710995,4.6173954,-2.2358572
EFT:0.09040241,-1.6117493,1.5604857,0.2629596,-4.0252347,0.28208375,-2.70482,-1.3711,4.6173954,-2.235857
Random80
Raw:0.09040272,-1.6117501,1.5604858,0.26295996,-4.0252347,0.28208292,-2.70482,-1.3710997,4.617396,-2.2358575
EFT:0.09040241,-1.6117493,1.5604857,0.2629596,-4.0252347,0.28208375,-2.70482,-1.3711,4.617396,-2.235857
Random81
Raw:0.0904032,-1.6117498,1.5604858,0.26296008,-4.0252347,0.28208292,-2.7048197,-1.3711001,4.617396,-2.2358575
EFT:0.09040241,-1.6117493,1.5604857,0.2629596,-4.0252347,0.28208375,-2.70482,-1.3711,4.6173954,-2.235857
Random82
Raw:0.09040296,-1.6117498,1.5604866,0.26296055,-4.025236,0.28208268,-2.70482,-1.3710995,4.617396,-2.2358582
EFT:0.09040241,-1.6117493,1.5604857,0.2629596,-4.0252347,0.28208375,-2.70482,-1.3711,4.6173954,-2.235857
Random83
Raw:0.0904026,-1.6117493,1.5604842,0.26295924,-4.025233,0.28208447,-2.7048194,-1.3710997,4.6173944,-2.2358558
EFT:0.09040241,-1.6117494,1.5604857,0.2629596,-4.025234,0.28208375,-2.70482,-1.3711,4.617396,-2.235857
Random84
Raw:0.090402484,-1.6117496,1.5604861,0.2629596,-4.025234,0.28208315,-2.70482,-1.3711,4.6173954,-2.235857
EFT:0.09040241,-1.6117493,1.5604857,0.2629596,-4.0252347,0.28208375,-2.70482,-1.3711,4.6173954,-2.235857
Random85
Raw:0.09040117,-1.6117495,1.5604873,0.26295996,-4.025234,0.28208303,-2.7048209,-1.3711,4.617396,-2.235857
EFT:0.09040241,-1.6117493,1.5604857,0.2629596,-4.025234,0.28208375,-2.70482,-1.3711,4.617396,-2.235857
Random86
Raw:0.09040105,-1.6117492,1.5604868,0.26296008,-4.0252347,0.28208315,-2.7048206,-1.3710997,4.617396,-2.235857
EFT:0.09040241,-1.6117493,1.5604857,0.2629596,-4.0252347,0.28208375,-2.70482,-1.3711,4.617396,-2.235857
Random87
Raw:0.090402305,-1.61175,1.5604856,0.26295912,-4.025234,0.28208363,-2.7048194,-1.3711001,4.6173954,-2.2358565
EFT:0.09040241,-1.6117493,1.5604857,0.2629596,-4.0252347,0.28208375,-2.70482,-1.3711,4.617396,-2.235857
Random88
Raw:0.09040141,-1.6117501,1.5604866,0.26295984,-4.025235,0.28208506,-2.7048209,-1.3710998,4.617396,-2.2358572
EFT:0.09040241,-1.6117494,1.5604857,0.2629596,-4.025234,0.28208375,-2.70482,-1.3711,4.6173954,-2.235857
Random89
Raw:0.0904026,-1.6117499,1.5604863,0.26296008,-4.0252347,0.28208315,-2.70482,-1.3711001,4.6173954,-2.235857
EFT:0.09040241,-1.6117494,1.5604857,0.2629596,-4.025234,0.28208375,-2.70482,-1.3711001,4.6173954,-2.235857
Random90
Raw:0.090403676,-1.6117499,1.5604858,0.26295948,-4.025235,0.28208315,-2.7048194,-1.3711003,4.617396,-2.2358572
EFT:0.09040241,-1.6117493,1.5604857,0.2629596,-4.0252347,0.28208375,-2.70482,-1.3711,4.6173954,-2.235857
Random91
Raw:0.09040308,-1.6117495,1.5604856,0.26295984,-4.0252337,0.2820828,-2.7048194,-1.3710997,4.617395,-2.235857
EFT:0.09040241,-1.6117493,1.5604857,0.2629596,-4.0252347,0.28208375,-2.70482,-1.3711,4.617396,-2.235857
Random92
Raw:0.090402305,-1.6117496,1.5604863,0.26295936,-4.025235,0.2820841,-2.7048204,-1.3711002,4.617396,-2.2358563
EFT:0.09040241,-1.6117493,1.5604857,0.2629596,-4.0252347,0.28208375,-2.70482,-1.3711,4.6173954,-2.235857
Random93
Raw:0.09040189,-1.6117495,1.5604849,0.26295912,-4.0252337,0.282084,-2.7048194,-1.3710992,4.6173944,-2.235856
EFT:0.09040241,-1.6117493,1.5604857,0.2629596,-4.025234,0.28208375,-2.70482,-1.3711,4.617396,-2.235857
Random94
Raw:0.09040159,-1.6117489,1.5604868,0.26296115,-4.025236,0.2820834,-2.7048209,-1.3710997,4.6173964,-2.2358584
EFT:0.09040241,-1.6117493,1.5604857,0.2629596,-4.025234,0.28208375,-2.70482,-1.3711,4.6173954,-2.235857
Random95
Raw:0.090400934,-1.611749,1.5604866,0.26296055,-4.0252347,0.28208315,-2.7048206,-1.3710998,4.6173954,-2.235857
EFT:0.09040241,-1.6117493,1.5604857,0.2629596,-4.0252347,0.28208375,-2.70482,-1.3711001,4.6173954,-2.235857
Random96
Raw:0.09040284,-1.6117494,1.5604868,0.2629603,-4.0252347,0.28208268,-2.70482,-1.3710998,4.6173954,-2.2358575
EFT:0.09040241,-1.6117494,1.5604857,0.2629596,-4.0252347,0.28208375,-2.70482,-1.3711,4.6173954,-2.235857
Random97
Raw:0.09040189,-1.61175,1.5604863,0.2629603,-4.025235,0.28208315,-2.7048204,-1.3711,4.6173954,-2.235857
EFT:0.09040241,-1.6117493,1.5604857,0.2629596,-4.025234,0.28208375,-2.70482,-1.3711,4.6173954,-2.235857
Random98
Raw:0.09040165,-1.6117496,1.5604863,0.2629603,-4.0252347,0.2820831,-2.7048206,-1.3710992,4.617396,-2.2358572
EFT:0.09040241,-1.6117493,1.5604857,0.2629596,-4.025234,0.28208375,-2.70482,-1.3711001,4.617396,-2.235857
Random99
Raw:0.0904032,-1.6117494,1.5604868,0.26296055,-4.0252357,0.2820835,-2.7048206,-1.3710998,4.6173964,-2.235858
EFT:0.09040241,-1.6117493,1.5604857,0.2629596,-4.0252347,0.28208375,-2.70482,-1.3711,4.617396,-2.235857
Random100
Raw:0.09040284,-1.6117496,1.5604861,0.26295972,-4.0252347,0.28208315,-2.7048194,-1.3711002,4.6173954,-2.2358575
EFT:0.09040241,-1.6117493,1.5604857,0.2629596,-4.0252347,0.28208375,-2.70482,-1.3711,4.6173954,-2.235857
Random101
Raw:0.09040141,-1.6117492,1.5604858,0.26295984,-4.025234,0.28208375,-2.7048204,-1.3711002,4.6173954,-2.235857
EFT:0.09040241,-1.6117493,1.5604857,0.2629596,-4.025234,0.28208375,-2.70482,-1.3711,4.6173954,-2.235857
Random102
Raw:0.09040189,-1.6117493,1.5604854,0.26296008,-4.025234,0.28208393,-2.7048202,-1.3711002,4.6173954,-2.2358572
EFT:0.09040241,-1.6117494,1.5604857,0.2629596,-4.025234,0.28208375,-2.70482,-1.3711,4.6173954,-2.235857
Random103
Raw:0.09040189,-1.6117492,1.5604861,0.26295984,-4.0252337,0.2820838,-2.70482,-1.3711004,4.617395,-2.235857
EFT:0.09040241,-1.6117493,1.5604857,0.2629596,-4.0252347,0.28208375,-2.70482,-1.3711,4.6173954,-2.235857
Random104
Raw:0.09040046,-1.6117495,1.5604854,0.26295912,-4.0252333,0.28208494,-2.704821,-1.3711001,4.617395,-2.2358565
EFT:0.09040241,-1.6117494,1.5604857,0.2629596,-4.0252347,0.28208375,-2.70482,-1.3711001,4.6173954,-2.235857
Random105
Raw:0.09040302,-1.6117493,1.5604854,0.2629596,-4.025234,0.28208244,-2.7048194,-1.3710994,4.617395,-2.2358568
EFT:0.09040241,-1.6117493,1.5604857,0.2629596,-4.025234,0.28208375,-2.70482,-1.3711,4.6173954,-2.235857
Random106
Raw:0.09040046,-1.6117487,1.5604858,0.26295984,-4.0252337,0.28208447,-2.7048209,-1.3710998,4.6173954,-2.2358568
EFT:0.09040241,-1.6117493,1.5604857,0.2629596,-4.025234,0.28208375,-2.70482,-1.3711,4.6173954,-2.235857
Random107
Raw:0.09040123,-1.6117492,1.5604858,0.26296008,-4.0252347,0.28208447,-2.7048204,-1.3711001,4.617396,-2.235857
EFT:0.09040241,-1.6117494,1.5604857,0.2629596,-4.0252347,0.28208375,-2.70482,-1.3711,4.6173954,-2.235857
Random108
Raw:0.09040278,-1.6117492,1.5604844,0.26295888,-4.025233,0.28208482,-2.7048192,-1.3710997,4.6173944,-2.2358556
EFT:0.09040241,-1.6117493,1.5604857,0.2629596,-4.0252347,0.28208375,-2.70482,-1.3711,4.6173954,-2.235857
Random109
Raw:0.09040201,-1.6117498,1.5604858,0.2629596,-4.025234,0.28208396,-2.7048204,-1.3711002,4.6173954,-2.2358568
EFT:0.09040241,-1.6117493,1.5604857,0.2629596,-4.025234,0.28208375,-2.70482,-1.3711,4.617396,-2.235857
Random110
Raw:0.090402246,-1.6117495,1.5604863,0.2629603,-4.025235,0.2820835,-2.7048202,-1.3711001,4.6173954,-2.2358575
EFT:0.09040241,-1.6117493,1.5604857,0.2629596,-4.025234,0.28208375,-2.70482,-1.3711,4.617396,-2.235857
Random111
Raw:0.09040129,-1.6117498,1.5604863,0.26296008,-4.0252347,0.28208315,-2.7048209,-1.3710996,4.617396,-2.2358572
EFT:0.09040241,-1.6117493,1.5604857,0.2629596,-4.025234,0.28208375,-2.70482,-1.3711,4.6173954,-2.235857
Random112
Raw:0.0904026,-1.6117499,1.5604856,0.26296008,-4.025234,0.28208327,-2.7048194,-1.3710998,4.617395,-2.2358563
EFT:0.09040241,-1.6117494,1.5604857,0.2629596,-4.0252347,0.28208375,-2.70482,-1.3711,4.617396,-2.235857
Random113
Raw:0.09040171,-1.6117501,1.5604854,0.26295948,-4.0252347,0.28208327,-2.7048202,-1.3710992,4.617395,-2.2358568
EFT:0.09040241,-1.6117493,1.5604857,0.2629596,-4.0252347,0.28208375,-2.70482,-1.3711,4.6173954,-2.235857
Random114
Raw:0.0904026,-1.6117492,1.5604849,0.26295984,-4.025234,0.2820828,-2.7048194,-1.3710997,4.617395,-2.2358568
EFT:0.09040241,-1.6117493,1.5604857,0.2629596,-4.0252347,0.28208375,-2.70482,-1.3711,4.6173954,-2.235857
Random115
Raw:0.0904026,-1.6117492,1.5604861,0.2629603,-4.0252347,0.28208348,-2.7048194,-1.3710998,4.617396,-2.2358575
EFT:0.09040241,-1.6117493,1.5604857,0.2629596,-4.025234,0.28208375,-2.70482,-1.3711,4.6173954,-2.235857
Random116
Raw:0.09040141,-1.6117494,1.5604861,0.26295972,-4.025234,0.2820834,-2.7048202,-1.3710997,4.6173954,-2.2358572
EFT:0.09040241,-1.6117494,1.5604857,0.2629596,-4.0252347,0.28208375,-2.70482,-1.3711001,4.6173954,-2.235857
Random117
Raw:0.09040427,-1.61175,1.5604858,0.26296055,-4.025236,0.28208208,-2.704819,-1.3710994,4.617396,-2.2358587
EFT:0.09040241,-1.6117493,1.5604857,0.2629596,-4.0252347,0.28208375,-2.70482,-1.3711,4.617396,-2.235857
Random118
Raw:0.090402365,-1.611749,1.5604849,0.26295972,-4.025234,0.2820835,-2.7048197,-1.3710995,4.6173944,-2.2358568
EFT:0.09040241,-1.6117493,1.5604857,0.2629596,-4.0252347,0.28208375,-2.70482,-1.3711,4.617396,-2.235857
Random119
Raw:0.09040165,-1.6117499,1.5604863,0.26296008,-4.025235,0.2820835,-2.7048204,-1.3710996,4.6173954,-2.235857
EFT:0.09040241,-1.6117493,1.5604857,0.2629596,-4.025234,0.28208375,-2.70482,-1.3711,4.6173954,-2.235857
Random120
Raw:0.09040201,-1.6117493,1.5604868,0.26296055,-4.025235,0.2820834,-2.7048204,-1.3710996,4.617396,-2.2358575
EFT:0.09040241,-1.6117493,1.5604857,0.2629596,-4.0252347,0.28208375,-2.70482,-1.3711,4.6173954,-2.235857
Random121
Raw:0.09040159,-1.6117504,1.5604856,0.26295948,-4.0252337,0.28208387,-2.7048197,-1.3711,4.6173944,-2.2358565
EFT:0.09040241,-1.6117493,1.5604857,0.2629596,-4.0252347,0.28208375,-2.70482,-1.3711,4.6173954,-2.235857
Random122
Raw:0.090403974,-1.6117494,1.5604858,0.2629602,-4.0252337,0.28208435,-2.704819,-1.3711,4.6173954,-2.2358565
EFT:0.09040241,-1.6117493,1.5604857,0.2629596,-4.0252347,0.28208375,-2.70482,-1.3711,4.6173954,-2.235857
Random123
Raw:0.090403676,-1.611749,1.5604846,0.26295936,-4.025233,0.28208458,-2.7048194,-1.3711,4.6173944,-2.235856
EFT:0.09040241,-1.6117493,1.5604857,0.2629596,-4.025234,0.28208375,-2.70482,-1.3711001,4.6173954,-2.235857
Random124
Raw:0.09040141,-1.6117494,1.5604863,0.2629602,-4.025236,0.28208363,-2.704821,-1.3710998,4.617396,-2.2358575
EFT:0.09040241,-1.6117493,1.5604857,0.2629596,-4.0252347,0.28208375,-2.70482,-1.3711,4.6173954,-2.235857
Random125
Raw:0.09040338,-1.6117498,1.5604844,0.26295984,-4.0252337,0.2820835,-2.704819,-1.3710994,4.6173954,-2.235857
EFT:0.09040241,-1.6117493,1.5604857,0.2629596,-4.0252347,0.28208375,-2.70482,-1.3711,4.6173954,-2.235857
Random126
Raw:0.090402305,-1.61175,1.5604858,0.26295924,-4.0252347,0.28208363,-2.7048204,-1.3710997,4.617395,-2.235857
EFT:0.09040241,-1.6117494,1.5604857,0.2629596,-4.0252347,0.28208375,-2.70482,-1.3711,4.617396,-2.235857
Random127
Raw:0.09040165,-1.6117498,1.5604863,0.26296008,-4.025235,0.2820834,-2.7048204,-1.3711001,4.617396,-2.2358572
EFT:0.09040241,-1.6117494,1.5604857,0.2629596,-4.0252347,0.28208375,-2.70482,-1.3711,4.617396,-2.235857
Random128
Raw:0.09040207,-1.6117494,1.5604854,0.26295984,-4.0252347,0.282084,-2.7048202,-1.3711,4.617396,-2.235857
EFT:0.09040241,-1.6117493,1.5604857,0.2629596,-4.025234,0.28208375,-2.70482,-1.3711,4.6173954,-2.235857
Random129
Raw:0.09039998,-1.611749,1.5604863,0.26295984,-4.0252347,0.2820837,-2.704821,-1.3711007,4.6173954,-2.2358568
EFT:0.09040241,-1.6117493,1.5604857,0.2629596,-4.0252347,0.28208375,-2.70482,-1.3711001,4.6173954,-2.235857
Random130
Raw:0.0904032,-1.61175,1.5604863,0.2629602,-4.025235,0.2820828,-2.7048197,-1.3711,4.6173964,-2.2358575
EFT:0.09040241,-1.6117494,1.5604857,0.2629596,-4.025234,0.28208375,-2.70482,-1.3711,4.6173954,-2.235857
Random131
Raw:0.090402365,-1.6117501,1.5604863,0.26295984,-4.0252347,0.2820833,-2.7048202,-1.3710997,4.617396,-2.2358577
EFT:0.09040241,-1.6117493,1.5604857,0.2629596,-4.0252347,0.28208375,-2.70482,-1.3711,4.6173954,-2.235857
Random132
Raw:0.09040165,-1.6117493,1.560487,0.26296055,-4.025235,0.2820834,-2.7048202,-1.3710998,4.6173964,-2.2358575
EFT:0.09040241,-1.6117493,1.5604857,0.2629596,-4.0252347,0.28208375,-2.70482,-1.3711,4.617396,-2.235857
Random133
Raw:0.09040213,-1.6117496,1.5604849,0.26295912,-4.0252337,0.28208432,-2.70482,-1.3710997,4.617395,-2.2358558
EFT:0.09040241,-1.6117494,1.5604857,0.2629596,-4.025234,0.28208375,-2.70482,-1.3711,4.617396,-2.235857
Random134
Raw:0.09040189,-1.6117498,1.5604856,0.26295972,-4.025234,0.2820841,-2.70482,-1.3711001,4.6173954,-2.2358563
EFT:0.09040241,-1.6117493,1.5604857,0.2629596,-4.0252347,0.28208375,-2.70482,-1.3711,4.617396,-2.235857
Random135
Raw:0.09040213,-1.6117502,1.5604861,0.26295948,-4.025235,0.2820834,-2.70482,-1.3711,4.617395,-2.2358565
EFT:0.09040241,-1.6117493,1.5604857,0.2629596,-4.025234,0.28208375,-2.70482,-1.3711,4.6173954,-2.235857
Random136
Raw:0.090400696,-1.6117494,1.5604858,0.2629602,-4.0252357,0.2820832,-2.7048206,-1.3710994,4.617396,-2.2358572
EFT:0.09040241,-1.6117493,1.5604857,0.2629596,-4.0252347,0.28208375,-2.70482,-1.3711,4.6173954,-2.235857
Random137
Raw:0.09040356,-1.6117498,1.5604856,0.26295996,-4.025234,0.28208327,-2.704819,-1.3710997,4.6173944,-2.235857
EFT:0.09040241,-1.6117494,1.5604857,0.2629596,-4.0252347,0.28208375,-2.70482,-1.3711,4.6173954,-2.235857
Random138
Raw:0.09040165,-1.6117496,1.5604861,0.26295996,-4.025234,0.28208387,-2.7048204,-1.3711002,4.617395,-2.2358568
EFT:0.09040241,-1.6117493,1.5604857,0.2629596,-4.025234,0.28208375,-2.70482,-1.3711,4.6173954,-2.235857
Random139
Raw:0.09040284,-1.611749,1.5604856,0.2629596,-4.0252337,0.28208363,-2.7048192,-1.3711003,4.617395,-2.2358565
EFT:0.09040241,-1.6117493,1.5604857,0.2629596,-4.0252347,0.28208375,-2.70482,-1.3711,4.6173954,-2.235857
Random140
Raw:0.0904026,-1.6117501,1.5604851,0.2629596,-4.0252337,0.28208342,-2.7048192,-1.3710998,4.6173954,-2.2358565
EFT:0.09040241,-1.6117493,1.5604857,0.2629596,-4.0252347,0.28208375,-2.70482,-1.3711,4.6173954,-2.235857
Random141
Raw:0.090400696,-1.6117494,1.5604861,0.26296008,-4.0252347,0.2820835,-2.704821,-1.3710997,4.617396,-2.2358565
EFT:0.09040241,-1.6117494,1.5604857,0.2629596,-4.0252347,0.28208375,-2.70482,-1.3711,4.6173954,-2.235857
Random142
Raw:0.090400696,-1.6117492,1.5604866,0.26296008,-4.0252347,0.2820835,-2.7048209,-1.3711002,4.6173954,-2.2358565
EFT:0.09040241,-1.6117493,1.5604857,0.2629596,-4.025234,0.28208375,-2.70482,-1.3711001,4.6173954,-2.235857
Random143
Raw:0.0904026,-1.6117493,1.5604849,0.26295924,-4.025234,0.28208286,-2.704819,-1.3711,4.617395,-2.235857
EFT:0.09040241,-1.6117494,1.5604857,0.2629596,-4.0252347,0.28208375,-2.70482,-1.3711,4.6173954,-2.235857
Random144
Raw:0.090400755,-1.6117492,1.5604861,0.2629603,-4.025234,0.28208467,-2.7048213,-1.3711002,4.6173954,-2.235857
EFT:0.09040241,-1.6117493,1.5604857,0.2629596,-4.025234,0.28208375,-2.70482,-1.3711,4.6173954,-2.235857
Random145
Raw:0.090402365,-1.6117501,1.5604856,0.26295936,-4.025234,0.28208345,-2.7048197,-1.3711,4.6173954,-2.2358565
EFT:0.09040241,-1.6117493,1.5604857,0.2629596,-4.0252347,0.28208375,-2.70482,-1.3711,4.6173954,-2.235857
Random146
Raw:0.090402246,-1.6117501,1.5604849,0.26295912,-4.0252337,0.28208345,-2.7048192,-1.3710997,4.6173944,-2.2358565
EFT:0.09040241,-1.6117493,1.5604857,0.2629596,-4.025234,0.28208375,-2.70482,-1.3711,4.6173954,-2.235857
Random147
Raw:0.090402246,-1.6117496,1.5604849,0.26295936,-4.025234,0.28208268,-2.7048194,-1.3710994,4.617396,-2.235857
EFT:0.09040241,-1.6117493,1.5604857,0.2629596,-4.0252347,0.28208375,-2.70482,-1.3711,4.6173954,-2.235857
Random148
Raw:0.09040284,-1.6117496,1.560487,0.26296055,-4.0252357,0.2820834,-2.7048197,-1.3710997,4.617396,-2.235858
EFT:0.09040241,-1.6117493,1.5604857,0.2629596,-4.025234,0.28208375,-2.70482,-1.3711001,4.6173954,-2.235857
Random149
Raw:0.09040278,-1.6117494,1.5604844,0.26295948,-4.025234,0.28208268,-2.704819,-1.3710998,4.617395,-2.2358572
EFT:0.09040241,-1.6117494,1.5604857,0.2629596,-4.0252347,0.28208375,-2.70482,-1.3711,4.6173954,-2.235857
Random150
Raw:0.09040171,-1.6117494,1.5604861,0.26295984,-4.025235,0.28208342,-2.7048202,-1.3710998,4.6173954,-2.2358572
EFT:0.09040241,-1.6117494,1.5604857,0.2629596,-4.0252347,0.28208375,-2.70482,-1.3711,4.617396,-2.235857
Random151
Raw:0.09040165,-1.6117494,1.5604863,0.2629603,-4.025234,0.282084,-2.7048204,-1.3710998,4.617396,-2.235857
EFT:0.09040241,-1.6117493,1.5604857,0.2629596,-4.025234,0.28208375,-2.70482,-1.3711,4.6173954,-2.235857
Random152
Raw:0.090402365,-1.6117499,1.5604861,0.26295948,-4.0252347,0.28208315,-2.7048202,-1.3710991,4.6173954,-2.2358568
EFT:0.09040241,-1.6117494,1.5604857,0.2629596,-4.0252347,0.28208375,-2.70482,-1.3711001,4.6173954,-2.235857
Random153
Raw:0.09040141,-1.6117498,1.5604866,0.26295948,-4.025234,0.28208375,-2.7048204,-1.3711,4.6173954,-2.235857
EFT:0.09040241,-1.6117493,1.5604857,0.2629596,-4.0252347,0.28208375,-2.70482,-1.3711,4.617396,-2.235857
Random154
Raw:0.09040326,-1.6117496,1.5604861,0.26295996,-4.025235,0.28208303,-2.7048194,-1.3710996,4.617396,-2.2358575
EFT:0.09040241,-1.6117493,1.5604857,0.2629596,-4.0252347,0.28208375,-2.70482,-1.3711,4.617396,-2.235857
Random155
Raw:0.0904032,-1.6117496,1.5604861,0.26295948,-4.0252337,0.28208363,-2.7048194,-1.3711003,4.6173944,-2.2358568
EFT:0.09040241,-1.6117494,1.5604857,0.2629596,-4.0252347,0.28208375,-2.70482,-1.3711,4.6173954,-2.235857
Random156
Raw:0.09040159,-1.611749,1.5604863,0.2629609,-4.0252357,0.2820822,-2.7048209,-1.3710992,4.6173964,-2.2358584
EFT:0.09040241,-1.6117493,1.5604857,0.2629596,-4.025234,0.28208375,-2.70482,-1.3711,4.617396,-2.235857
Random157
Raw:0.09040165,-1.6117495,1.5604866,0.2629603,-4.025235,0.28208333,-2.7048204,-1.3711001,4.6173954,-2.2358572
EFT:0.09040241,-1.6117493,1.5604857,0.2629596,-4.0252347,0.28208375,-2.70482,-1.3711,4.6173954,-2.235857
Random158
Raw:0.09040189,-1.6117493,1.5604846,0.26295984,-4.025234,0.2820834,-2.704819,-1.3710995,4.6173944,-2.2358565
EFT:0.09040241,-1.6117493,1.5604857,0.2629596,-4.0252347,0.28208375,-2.70482,-1.3711,4.6173954,-2.235857
Random159
Raw:0.0904032,-1.6117494,1.5604858,0.2629603,-4.025235,0.28208357,-2.7048194,-1.3710998,4.6173964,-2.2358575
EFT:0.09040241,-1.6117493,1.5604857,0.2629596,-4.0252347,0.28208375,-2.70482,-1.3711,4.617396,-2.235857
Random160
Raw:0.09040189,-1.6117496,1.5604863,0.26295984,-4.025234,0.28208333,-2.7048202,-1.3711008,4.617396,-2.235857
EFT:0.09040241,-1.6117493,1.5604857,0.2629596,-4.0252347,0.28208375,-2.70482,-1.3711,4.617396,-2.235857
Random161
Raw:0.09040308,-1.6117495,1.5604858,0.26296008,-4.025235,0.2820825,-2.70482,-1.3710997,4.6173954,-2.2358575
EFT:0.09040241,-1.6117493,1.5604857,0.2629596,-4.025234,0.28208375,-2.70482,-1.3711,4.6173954,-2.235857
Random162
Raw:0.09040058,-1.6117499,1.5604861,0.26295972,-4.0252337,0.2820847,-2.7048204,-1.3711001,4.6173954,-2.235856
EFT:0.09040241,-1.6117493,1.5604857,0.2629596,-4.0252347,0.28208375,-2.70482,-1.3711,4.6173954,-2.235857
Random163
Raw:0.09040201,-1.61175,1.5604866,0.2629603,-4.0252347,0.28208363,-2.7048204,-1.3711001,4.6173954,-2.235857
EFT:0.09040241,-1.6117493,1.5604857,0.2629596,-4.025234,0.28208375,-2.70482,-1.3711,4.6173954,-2.235857
Random164
Raw:0.090402424,-1.61175,1.5604856,0.262959,-4.025235,0.28208375,-2.7048206,-1.3710995,4.6173954,-2.2358568
EFT:0.09040241,-1.6117493,1.5604857,0.2629596,-4.025234,0.28208375,-2.70482,-1.3711,4.6173954,-2.235857
Random165
Raw:0.09040105,-1.6117494,1.5604868,0.26296008,-4.0252347,0.28208315,-2.7048209,-1.3711,4.6173954,-2.2358572
EFT:0.09040241,-1.6117493,1.5604857,0.2629596,-4.025234,0.28208375,-2.70482,-1.3711,4.6173954,-2.235857
Random166
Raw:0.0904029,-1.6117499,1.5604861,0.26295996,-4.0252337,0.28208315,-2.7048194,-1.3710997,4.6173954,-2.2358572
EFT:0.09040241,-1.6117493,1.5604857,0.2629596,-4.025234,0.28208375,-2.70482,-1.3711001,4.617396,-2.235857
Random167
Raw:0.09040254,-1.6117496,1.5604868,0.26296043,-4.025235,0.28208268,-2.70482,-1.3710997,4.617396,-2.2358575
EFT:0.09040241,-1.6117494,1.5604857,0.2629596,-4.025234,0.28208375,-2.70482,-1.3711,4.6173954,-2.235857
Random168
Raw:0.09040284,-1.6117494,1.5604858,0.26295948,-4.0252347,0.2820836,-2.7048202,-1.3711,4.6173954,-2.235857
EFT:0.09040241,-1.6117493,1.5604857,0.2629596,-4.025234,0.28208375,-2.70482,-1.3711,4.617396,-2.235857
Random169
Raw:0.09040308,-1.6117493,1.5604849,0.26295972,-4.0252337,0.28208393,-2.704819,-1.3710996,4.617395,-2.235857
EFT:0.09040241,-1.6117494,1.5604857,0.2629596,-4.025234,0.28208375,-2.70482,-1.3711,4.6173954,-2.235857
Random170
Raw:0.09040046,-1.6117496,1.5604861,0.2629602,-4.0252347,0.28208363,-2.7048213,-1.3710998,4.6173954,-2.2358565
EFT:0.09040241,-1.6117493,1.5604857,0.2629596,-4.0252347,0.28208375,-2.70482,-1.3711,4.617396,-2.235857
Random171
Raw:0.090402424,-1.6117496,1.5604868,0.2629603,-4.0252357,0.28208363,-2.70482,-1.3710998,4.6173964,-2.2358572
EFT:0.09040241,-1.6117493,1.5604857,0.2629596,-4.0252347,0.28208375,-2.70482,-1.3711,4.617396,-2.235857
Random172
Raw:0.090400934,-1.6117494,1.5604856,0.26295912,-4.025234,0.2820841,-2.7048209,-1.3710996,4.6173954,-2.2358565
EFT:0.09040241,-1.6117493,1.5604857,0.2629596,-4.025234,0.28208375,-2.70482,-1.3711001,4.6173954,-2.235857
Random173
Raw:0.09040356,-1.6117494,1.560487,0.26296115,-4.0252366,0.28208232,-2.7048194,-1.3710996,4.6173964,-2.235859
EFT:0.09040241,-1.6117493,1.5604857,0.2629596,-4.0252347,0.28208375,-2.70482,-1.3711,4.617396,-2.235857
Random174
Raw:0.09040183,-1.6117493,1.5604849,0.26295984,-4.0252337,0.28208423,-2.7048194,-1.3710996,4.617395,-2.2358563
EFT:0.09040241,-1.6117493,1.5604857,0.2629596,-4.025234,0.28208375,-2.70482,-1.3711,4.617396,-2.235857
Random175
Raw:0.09040314,-1.6117496,1.5604851,0.2629596,-4.0252337,0.28208363,-2.70482,-1.3711,4.6173954,-2.2358575
EFT:0.09040241,-1.6117493,1.5604857,0.2629596,-4.0252347,0.28208375,-2.70482,-1.3711,4.6173954,-2.235857
Random176
Raw:0.09040308,-1.6117493,1.5604868,0.2629608,-4.0252357,0.28208292,-2.70482,-1.3711001,4.617396,-2.235858
EFT:0.09040241,-1.6117493,1.5604857,0.2629596,-4.0252347,0.28208375,-2.70482,-1.3711,4.6173954,-2.235857
Random177
Raw:0.09040147,-1.6117493,1.5604866,0.26296055,-4.0252357,0.2820834,-2.7048213,-1.3710991,4.617397,-2.2358582
EFT:0.09040241,-1.6117494,1.5604857,0.2629596,-4.0252347,0.28208375,-2.70482,-1.3711,4.6173954,-2.235857
Random178
Raw:0.09040195,-1.6117495,1.5604863,0.26296067,-4.025235,0.28208363,-2.70482,-1.3710998,4.6173954,-2.2358572
EFT:0.09040241,-1.6117494,1.5604857,0.2629596,-4.025234,0.28208375,-2.70482,-1.3711,4.617396,-2.235857
Random179
Raw:0.09040201,-1.6117496,1.5604863,0.2629596,-4.0252337,0.2820841,-2.70482,-1.3710997,4.6173954,-2.2358568
EFT:0.09040241,-1.6117493,1.5604857,0.2629596,-4.025234,0.28208375,-2.70482,-1.3711001,4.6173954,-2.235857
Random180
Raw:0.090403914,-1.6117499,1.5604861,0.26295984,-4.025235,0.28208315,-2.7048194,-1.3711002,4.617396,-2.2358575
EFT:0.09040241,-1.6117493,1.5604857,0.2629596,-4.0252347,0.28208375,-2.70482,-1.3711,4.617396,-2.235857
Random181
Raw:0.090400815,-1.6117494,1.5604858,0.26296055,-4.0252347,0.28208256,-2.7048209,-1.3710994,4.6173954,-2.235857
EFT:0.09040241,-1.6117494,1.5604857,0.2629596,-4.025234,0.28208375,-2.70482,-1.3711,4.617396,-2.235857
Random182
Raw:0.09040141,-1.6117494,1.5604863,0.2629603,-4.025236,0.282084,-2.704821,-1.3710994,4.6173964,-2.2358582
EFT:0.09040241,-1.6117493,1.5604857,0.2629596,-4.0252347,0.28208375,-2.70482,-1.3711,4.617396,-2.235857
Random183
Raw:0.09040308,-1.6117495,1.5604861,0.2629603,-4.0252357,0.2820835,-2.7048194,-1.3711001,4.6173964,-2.2358575
EFT:0.09040241,-1.6117493,1.5604857,0.2629596,-4.0252347,0.28208375,-2.70482,-1.3711,4.6173954,-2.235857
Random184
Raw:0.090400934,-1.6117494,1.5604866,0.2629609,-4.0252366,0.28208315,-2.7048213,-1.3710994,4.6173964,-2.235858
EFT:0.09040241,-1.6117493,1.5604857,0.2629596,-4.0252347,0.28208375,-2.70482,-1.3711001,4.617396,-2.235857
Random185
Raw:0.090402246,-1.6117494,1.5604868,0.26296055,-4.0252357,0.28208303,-2.7048197,-1.3711001,4.617396,-2.2358577
EFT:0.09040241,-1.6117493,1.5604857,0.2629596,-4.025234,0.28208375,-2.70482,-1.3711,4.6173954,-2.235857
Random186
Raw:0.09040189,-1.61175,1.5604846,0.26295936,-4.0252337,0.28208387,-2.70482,-1.3711001,4.617394,-2.2358563
EFT:0.09040241,-1.6117493,1.5604857,0.2629596,-4.0252347,0.28208375,-2.70482,-1.3711,4.617396,-2.235857
Random187
Raw:0.09040326,-1.6117494,1.5604854,0.2629596,-4.0252337,0.2820835,-2.7048192,-1.3710995,4.617395,-2.2358568
EFT:0.09040241,-1.6117493,1.5604857,0.2629596,-4.0252347,0.28208375,-2.70482,-1.3711,4.6173954,-2.235857
Random188
Raw:0.090402424,-1.6117496,1.5604856,0.2629596,-4.0252337,0.28208363,-2.7048202,-1.3710997,4.6173954,-2.235857
EFT:0.09040241,-1.6117493,1.5604857,0.2629596,-4.025234,0.28208375,-2.70482,-1.3711,4.617396,-2.235857
Random189
Raw:0.090400696,-1.6117493,1.5604873,0.26296127,-4.0252366,0.28208327,-2.7048218,-1.3711002,4.6173964,-2.2358582
EFT:0.09040241,-1.6117493,1.5604857,0.2629596,-4.025234,0.28208375,-2.70482,-1.3711,4.617396,-2.235857
Random190
Raw:0.09040165,-1.6117494,1.5604863,0.26295972,-4.025235,0.28208327,-2.7048202,-1.3710996,4.6173954,-2.2358572
EFT:0.09040241,-1.6117493,1.5604857,0.2629596,-4.0252347,0.28208375,-2.70482,-1.3711001,4.6173954,-2.235857
Random191
Raw:0.09040272,-1.6117498,1.5604858,0.26295996,-4.025235,0.28208238,-2.7048194,-1.3710996,4.6173954,-2.2358577
EFT:0.09040241,-1.6117493,1.5604857,0.2629596,-4.025234,0.28208375,-2.70482,-1.3711,4.6173954,-2.235857
Random192
Raw:0.09040141,-1.6117496,1.5604863,0.26295996,-4.025234,0.28208327,-2.70482,-1.3711004,4.617395,-2.235857
EFT:0.09040241,-1.6117493,1.5604857,0.2629596,-4.0252347,0.28208375,-2.70482,-1.3711,4.617396,-2.235857
Random193
Raw:0.090400934,-1.6117499,1.5604844,0.26295865,-4.0252323,0.2820853,-2.70482,-1.3711002,4.6173944,-2.2358556
EFT:0.09040241,-1.6117493,1.5604857,0.2629596,-4.025234,0.28208375,-2.70482,-1.3711,4.617396,-2.235857
Random194
Raw:0.09040058,-1.6117494,1.5604858,0.26295936,-4.0252337,0.28208363,-2.7048206,-1.3710997,4.617396,-2.2358563
EFT:0.09040241,-1.6117494,1.5604857,0.2629596,-4.025234,0.28208375,-2.70482,-1.3711,4.6173954,-2.235857
Random195
Raw:0.09040177,-1.6117499,1.5604868,0.2629596,-4.025235,0.2820834,-2.7048204,-1.3711001,4.617396,-2.2358572
EFT:0.09040241,-1.6117494,1.5604857,0.2629596,-4.0252347,0.28208375,-2.70482,-1.3711,4.617396,-2.235857
Random196
Raw:0.09040332,-1.611749,1.5604849,0.2629602,-4.025234,0.28208268,-2.7048187,-1.3711,4.617396,-2.235858
EFT:0.09040241,-1.6117493,1.5604857,0.2629596,-4.0252347,0.28208375,-2.70482,-1.3711,4.617396,-2.235857
Random197
Raw:0.09040028,-1.6117493,1.5604868,0.2629603,-4.0252347,0.28208375,-2.7048209,-1.3711001,4.617395,-2.2358568
EFT:0.09040241,-1.6117493,1.5604857,0.2629596,-4.025234,0.28208375,-2.70482,-1.3711001,4.6173954,-2.235857
Random198
Raw:0.090402365,-1.6117494,1.5604861,0.26295924,-4.025234,0.2820841,-2.70482,-1.3711002,4.6173954,-2.2358568
EFT:0.09040241,-1.6117494,1.5604857,0.2629596,-4.025234,0.28208375,-2.70482,-1.3711,4.617396,-2.235857
Random199
Raw:0.09040141,-1.6117492,1.560487,0.2629609,-4.025235,0.28208268,-2.7048204,-1.3711,4.617396,-2.2358575
EFT:0.09040241,-1.6117494,1.5604857,0.2629596,-4.025234,0.28208375,-2.70482,-1.3711,4.6173954,-2.235857
Random200
Raw:0.090402186,-1.6117502,1.5604858,0.26295948,-4.025234,0.28208363,-2.7048204,-1.3710994,4.6173954,-2.2358568
EFT:0.09040241,-1.6117493,1.5604857,0.2629596,-4.0252347,0.28208375,-2.70482,-1.3711,4.6173954,-2.235857
Random201
Raw:0.09040117,-1.6117494,1.5604863,0.2629609,-4.025236,0.2820833,-2.704821,-1.3710991,4.6173964,-2.2358584
EFT:0.09040241,-1.6117493,1.5604857,0.2629596,-4.025234,0.28208375,-2.70482,-1.3711,4.617396,-2.235857
Random202
Raw:0.09040296,-1.6117494,1.5604868,0.2629608,-4.025236,0.2820828,-2.7048209,-1.3711,4.617396,-2.2358582
EFT:0.09040241,-1.6117493,1.5604857,0.2629596,-4.025234,0.28208375,-2.70482,-1.3711,4.6173954,-2.235857
Random203
Raw:0.09040308,-1.6117496,1.5604868,0.2629608,-4.0252366,0.28208244,-2.7048202,-1.3710998,4.6173964,-2.2358584
EFT:0.09040241,-1.6117493,1.5604857,0.2629596,-4.0252347,0.28208375,-2.70482,-1.3711,4.617396,-2.235857
Random204
Raw:0.09040296,-1.6117493,1.5604854,0.2629603,-4.025234,0.28208268,-2.7048197,-1.3710992,4.6173954,-2.2358572
EFT:0.09040241,-1.6117493,1.5604857,0.2629596,-4.025234,0.28208375,-2.70482,-1.3711,4.6173954,-2.235857
Random205
Raw:0.09040165,-1.6117496,1.5604863,0.26295984,-4.0252347,0.28208363,-2.7048202,-1.3711,4.617396,-2.235857
EFT:0.09040241,-1.6117493,1.5604857,0.2629596,-4.025234,0.28208375,-2.70482,-1.3711,4.617396,-2.235857
Random206
Raw:0.09040195,-1.6117502,1.5604856,0.26295924,-4.025234,0.28208387,-2.7048194,-1.3711002,4.617395,-2.2358563
EFT:0.09040241,-1.6117493,1.5604857,0.2629596,-4.0252347,0.28208375,-2.70482,-1.3711,4.6173954,-2.235857
Random207
Raw:0.09040177,-1.6117495,1.5604858,0.26295984,-4.0252347,0.2820835,-2.7048204,-1.3710997,4.6173954,-2.235857
EFT:0.09040241,-1.6117493,1.5604857,0.2629596,-4.0252347,0.28208375,-2.70482,-1.3711,4.6173954,-2.235857
Random208
Raw:0.090400696,-1.6117498,1.5604868,0.26296055,-4.0252347,0.28208303,-2.7048204,-1.3710995,4.6173954,-2.2358572
EFT:0.09040241,-1.6117493,1.5604857,0.2629596,-4.0252347,0.28208375,-2.70482,-1.3711,4.6173954,-2.235857
Random209
Raw:0.090402424,-1.6117489,1.5604846,0.2629602,-4.025234,0.2820822,-2.704819,-1.3710996,4.6173944,-2.235857
EFT:0.09040241,-1.6117493,1.5604857,0.2629596,-4.0252347,0.28208375,-2.70482,-1.3711,4.617396,-2.235857
Random210
Raw:0.090400696,-1.6117489,1.5604863,0.26296055,-4.0252347,0.2820835,-2.704821,-1.3710998,4.617396,-2.2358572
EFT:0.09040241,-1.6117493,1.5604857,0.2629596,-4.0252347,0.28208375,-2.70482,-1.3711001,4.6173954,-2.235857
Random211
Raw:0.090402246,-1.6117498,1.5604854,0.26295948,-4.0252337,0.2820835,-2.7048197,-1.3711,4.617395,-2.235856
EFT:0.09040241,-1.6117493,1.5604857,0.2629596,-4.0252347,0.28208375,-2.70482,-1.3711,4.6173954,-2.235857
Random212
Raw:0.09040189,-1.6117502,1.5604863,0.26295912,-4.025234,0.2820835,-2.7048202,-1.3710998,4.6173954,-2.235857
EFT:0.09040241,-1.6117493,1.5604857,0.2629596,-4.0252347,0.28208375,-2.70482,-1.3711001,4.6173954,-2.235857
Random213
Raw:0.0904032,-1.6117494,1.5604858,0.26295984,-4.025235,0.28208274,-2.704819,-1.3710996,4.617396,-2.2358572
EFT:0.09040241,-1.6117493,1.5604857,0.2629596,-4.0252347,0.28208375,-2.70482,-1.3711,4.6173954,-2.235857
Random214
Raw:0.09040177,-1.6117494,1.5604858,0.2629603,-4.025234,0.28208327,-2.70482,-1.3711003,4.6173954,-2.235857
EFT:0.09040241,-1.6117493,1.5604857,0.2629596,-4.0252347,0.28208375,-2.70482,-1.3711,4.6173954,-2.235857
Random215
Raw:0.09040296,-1.6117494,1.5604863,0.2629603,-4.025236,0.28208265,-2.7048197,-1.3710995,4.617396,-2.2358587
EFT:0.09040241,-1.6117493,1.5604857,0.2629596,-4.025234,0.28208375,-2.70482,-1.3711,4.6173954,-2.235857
Random216
Raw:0.090402365,-1.6117499,1.5604858,0.26295984,-4.025234,0.28208363,-2.7048194,-1.3711,4.617395,-2.235856
EFT:0.09040241,-1.6117493,1.5604857,0.2629596,-4.0252347,0.28208375,-2.70482,-1.3711,4.6173954,-2.235857
Random217
Raw:0.09040165,-1.6117498,1.5604868,0.2629602,-4.025235,0.28208363,-2.7048204,-1.3711001,4.6173954,-2.235857
EFT:0.09040241,-1.6117493,1.5604857,0.2629596,-4.0252347,0.28208375,-2.70482,-1.3711001,4.6173954,-2.235857
Random218
Raw:0.09040189,-1.61175,1.5604856,0.26295912,-4.0252337,0.2820835,-2.7048202,-1.3710996,4.6173954,-2.2358565
EFT:0.09040241,-1.6117493,1.5604857,0.2629596,-4.0252347,0.28208375,-2.70482,-1.3711001,4.617396,-2.235857
Random219
Raw:0.0904026,-1.6117492,1.5604868,0.2629608,-4.025236,0.28208268,-2.70482,-1.3710998,4.6173964,-2.2358584
EFT:0.09040241,-1.6117493,1.5604857,0.2629596,-4.0252347,0.28208375,-2.70482,-1.3711,4.6173954,-2.235857
Random220
Raw:0.090402246,-1.6117495,1.5604863,0.26296043,-4.025236,0.28208393,-2.7048204,-1.3710998,4.6173954,-2.2358575
EFT:0.09040241,-1.6117494,1.5604857,0.2629596,-4.0252347,0.28208375,-2.70482,-1.3711001,4.617396,-2.235857
Random221
Raw:0.0904026,-1.6117504,1.5604863,0.2629603,-4.025235,0.28208262,-2.70482,-1.3710997,4.617396,-2.2358575
EFT:0.09040241,-1.6117493,1.5604857,0.2629596,-4.0252347,0.28208375,-2.70482,-1.3711,4.617396,-2.235857
Random222
Raw:0.09040177,-1.6117496,1.5604868,0.26296055,-4.025235,0.28208363,-2.7048209,-1.3710996,4.6173964,-2.2358575
EFT:0.09040241,-1.6117493,1.5604857,0.2629596,-4.0252347,0.28208375,-2.70482,-1.3711,4.617396,-2.235857
Random223
Raw:0.09040403,-1.6117496,1.5604854,0.26295996,-4.0252347,0.28208244,-2.7048192,-1.3710998,4.617396,-2.2358575
EFT:0.09040241,-1.6117493,1.5604857,0.2629596,-4.025234,0.28208375,-2.70482,-1.3711,4.6173954,-2.235857
Random224
Raw:0.090402424,-1.6117494,1.5604863,0.2629608,-4.0252366,0.2820831,-2.7048206,-1.3710991,4.6173964,-2.2358584
EFT:0.09040241,-1.6117494,1.5604857,0.2629596,-4.0252347,0.28208375,-2.70482,-1.3711,4.6173954,-2.235857
Random225
Raw:0.09040177,-1.6117493,1.5604858,0.26295936,-4.0252337,0.28208506,-2.7048202,-1.3711001,4.617395,-2.2358563
EFT:0.09040241,-1.6117493,1.5604857,0.2629596,-4.0252347,0.28208375,-2.70482,-1.3711,4.6173954,-2.235857
Random226
Raw:0.09040165,-1.6117493,1.5604868,0.26295996,-4.025234,0.28208303,-2.7048197,-1.3711003,4.6173954,-2.2358565
EFT:0.09040241,-1.6117493,1.5604857,0.2629596,-4.0252347,0.28208375,-2.70482,-1.3711,4.617396,-2.235857
Random227
Raw:0.0904032,-1.61175,1.5604861,0.2629596,-4.025235,0.28208297,-2.70482,-1.3711002,4.617396,-2.2358575
EFT:0.09040241,-1.6117493,1.5604857,0.2629596,-4.0252347,0.28208375,-2.70482,-1.3711,4.6173954,-2.235857
Random228
Raw:0.09040356,-1.611749,1.5604844,0.26295984,-4.0252337,0.2820841,-2.704819,-1.3710996,4.6173944,-2.235857
EFT:0.09040241,-1.6117493,1.5604857,0.2629596,-4.025234,0.28208375,-2.70482,-1.3711,4.6173954,-2.235857
Random229
Raw:0.09040177,-1.6117496,1.5604858,0.26295984,-4.0252347,0.28208315,-2.7048204,-1.3710994,4.617396,-2.235857
EFT:0.09040241,-1.6117493,1.5604857,0.2629596,-4.0252347,0.28208375,-2.70482,-1.3711001,4.6173954,-2.235857
Random230
Raw:0.09040189,-1.6117495,1.5604868,0.2629603,-4.025235,0.28208268,-2.70482,-1.3711001,4.6173964,-2.2358577
EFT:0.09040241,-1.6117494,1.5604857,0.2629596,-4.025234,0.28208375,-2.70482,-1.3711,4.6173954,-2.235857
Random231
Raw:0.090402365,-1.6117496,1.5604863,0.2629608,-4.0252357,0.28208238,-2.7048202,-1.3710994,4.617396,-2.235858
EFT:0.09040241,-1.6117494,1.5604857,0.2629596,-4.025234,0.28208375,-2.70482,-1.3711,4.6173954,-2.235857
Random232
Raw:0.090402484,-1.6117504,1.5604861,0.2629602,-4.0252347,0.2820834,-2.70482,-1.3711,4.617396,-2.235857
EFT:0.09040241,-1.6117493,1.5604857,0.2629596,-4.025234,0.28208375,-2.70482,-1.3711,4.617396,-2.235857
Random233
Raw:0.090400815,-1.6117495,1.5604868,0.26296043,-4.0252357,0.2820837,-2.7048204,-1.3710995,4.6173954,-2.235857
EFT:0.09040241,-1.6117493,1.5604857,0.2629596,-4.0252347,0.28208375,-2.70482,-1.3711001,4.617396,-2.235857
Random234
Raw:0.09040272,-1.6117493,1.5604873,0.2629608,-4.0252357,0.28208315,-2.7048206,-1.3710998,4.617396,-2.235858
EFT:0.09040241,-1.6117494,1.5604857,0.2629596,-4.0252347,0.28208375,-2.70482,-1.3711001,4.617396,-2.235857
Random235
Raw:0.090402484,-1.61175,1.5604851,0.26295972,-4.025234,0.2820831,-2.7048194,-1.3711003,4.617396,-2.235857
EFT:0.09040241,-1.6117493,1.5604857,0.2629596,-4.025234,0.28208375,-2.70482,-1.3711,4.6173954,-2.235857
Random236
Raw:0.09040195,-1.6117499,1.5604854,0.26295996,-4.025235,0.28208342,-2.7048204,-1.3710995,4.6173954,-2.2358572
EFT:0.09040241,-1.6117493,1.5604857,0.2629596,-4.0252347,0.28208375,-2.70482,-1.3711001,4.6173954,-2.235857
Random237
Raw:0.09040284,-1.6117495,1.5604849,0.26295924,-4.0252333,0.2820841,-2.7048197,-1.3710996,4.617395,-2.2358563
EFT:0.09040241,-1.6117493,1.5604857,0.2629596,-4.0252347,0.28208375,-2.70482,-1.3711,4.6173954,-2.235857
Random238
Raw:0.09040201,-1.6117504,1.5604858,0.2629603,-4.025235,0.28208297,-2.7048202,-1.3710997,4.6173964,-2.2358575
EFT:0.09040241,-1.6117494,1.5604857,0.2629596,-4.0252347,0.28208375,-2.70482,-1.3711001,4.617396,-2.235857
Random239
Raw:0.09040141,-1.6117494,1.5604858,0.26295984,-4.0252347,0.28208387,-2.7048204,-1.3710998,4.6173954,-2.235857
EFT:0.09040241,-1.6117494,1.5604857,0.2629596,-4.0252347,0.28208375,-2.70482,-1.3711,4.6173954,-2.235857
Random240
Raw:0.090400755,-1.6117495,1.5604866,0.26296067,-4.0252357,0.28208274,-2.7048204,-1.3710995,4.617396,-2.2358577
EFT:0.09040241,-1.6117494,1.5604857,0.2629596,-4.0252347,0.28208375,-2.70482,-1.3711,4.617396,-2.235857
Random241
Raw:0.09040165,-1.6117495,1.5604863,0.2629602,-4.025235,0.2820828,-2.7048204,-1.3710995,4.617396,-2.2358575
EFT:0.09040241,-1.6117493,1.5604857,0.2629596,-4.025234,0.28208375,-2.70482,-1.3711,4.6173954,-2.235857
Random242
Raw:0.09040213,-1.6117499,1.5604858,0.26295996,-4.0252347,0.28208375,-2.7048202,-1.3711,4.6173964,-2.235857
EFT:0.09040241,-1.6117493,1.5604857,0.2629596,-4.0252347,0.28208375,-2.70482,-1.3711001,4.6173954,-2.235857
Random243
Raw:0.09040332,-1.6117498,1.5604856,0.26296103,-4.025234,0.28208256,-2.704819,-1.3710995,4.617396,-2.2358575
EFT:0.09040241,-1.6117493,1.5604857,0.2629596,-4.025234,0.28208375,-2.70482,-1.3711,4.6173954,-2.235857
Random244
Raw:0.09040314,-1.6117499,1.5604861,0.26295996,-4.025235,0.28208292,-2.70482,-1.3710997,4.617396,-2.2358575
EFT:0.09040241,-1.6117493,1.5604857,0.2629596,-4.0252347,0.28208375,-2.70482,-1.3711001,4.6173954,-2.235857
Random245
Raw:0.090402365,-1.6117493,1.5604856,0.26295948,-4.0252347,0.28208393,-2.7048202,-1.3710998,4.617395,-2.235857
EFT:0.09040241,-1.6117493,1.5604857,0.2629596,-4.025234,0.28208375,-2.70482,-1.3711,4.617396,-2.235857
Random246
Raw:0.090400696,-1.6117496,1.5604858,0.2629596,-4.0252333,0.282084,-2.7048204,-1.3711002,4.6173944,-2.2358565
EFT:0.09040241,-1.6117494,1.5604857,0.2629596,-4.025234,0.28208375,-2.70482,-1.3711,4.617396,-2.235857
Random247
Raw:0.09040332,-1.6117496,1.5604861,0.2629603,-4.0252347,0.28208274,-2.7048192,-1.3710996,4.617396,-2.2358584
EFT:0.09040241,-1.6117493,1.5604857,0.2629596,-4.0252347,0.28208375,-2.70482,-1.3711,4.6173954,-2.235857
Random248
Raw:0.09040153,-1.6117495,1.5604866,0.26296067,-4.0252357,0.2820834,-2.7048204,-1.3710998,4.617396,-2.2358575
EFT:0.09040241,-1.6117493,1.5604857,0.2629596,-4.025234,0.28208375,-2.70482,-1.3711,4.6173954,-2.235857
Random249
Raw:0.090402484,-1.6117501,1.5604858,0.26295948,-4.0252337,0.2820835,-2.70482,-1.3711,4.6173954,-2.2358565
EFT:0.09040241,-1.6117493,1.5604857,0.2629596,-4.0252347,0.28208375,-2.70482,-1.3711,4.617396,-2.235857
Random250
Raw:0.090402365,-1.6117496,1.5604858,0.26295936,-4.025234,0.28208375,-2.7048194,-1.3711,4.617395,-2.2358568
EFT:0.09040241,-1.6117493,1.5604857,0.2629596,-4.025234,0.28208375,-2.70482,-1.3711,4.6173954,-2.235857
Random251
Raw:0.09040314,-1.6117496,1.5604839,0.26295924,-4.0252323,0.2820847,-2.704819,-1.3710998,4.6173944,-2.235856
EFT:0.09040241,-1.6117493,1.5604857,0.2629596,-4.0252347,0.28208375,-2.70482,-1.3711001,4.6173954,-2.235857
Random252
Raw:0.09040308,-1.6117493,1.5604856,0.2629602,-4.025234,0.28208292,-2.7048192,-1.3710995,4.6173954,-2.2358572
EFT:0.09040241,-1.6117493,1.5604857,0.2629596,-4.0252347,0.28208375,-2.70482,-1.3711,4.6173954,-2.235857
Random253
Raw:0.090402365,-1.6117492,1.5604849,0.2629596,-4.0252333,0.28208363,-2.704819,-1.3711,4.6173954,-2.2358565
EFT:0.09040241,-1.6117493,1.5604857,0.2629596,-4.0252347,0.28208375,-2.70482,-1.3711,4.6173954,-2.235857
Random254
Raw:0.09040153,-1.6117495,1.5604863,0.26296008,-4.0252347,0.28208268,-2.7048204,-1.3710992,4.617396,-2.235857
EFT:0.09040241,-1.6117493,1.5604857,0.2629596,-4.0252347,0.28208375,-2.70482,-1.3711,4.6173954,-2.235857
Random255
Raw:0.0904035,-1.6117496,1.5604849,0.26295972,-4.025234,0.2820828,-2.7048185,-1.3710991,4.6173954,-2.235857
EFT:0.09040241,-1.6117493,1.5604857,0.2629596,-4.0252347,0.28208375,-2.70482,-1.3711,4.6173954,-2.235857
Random256
Raw:0.09040403,-1.61175,1.5604863,0.26296055,-4.0252357,0.28208247,-2.7048204,-1.3710996,4.617397,-2.2358587
EFT:0.09040241,-1.6117493,1.5604857,0.2629596,-4.0252347,0.28208375,-2.70482,-1.3711,4.6173954,-2.235857
Random257
Raw:0.090400696,-1.6117495,1.5604866,0.26295984,-4.025234,0.2820835,-2.7048209,-1.3711,4.6173954,-2.2358568
EFT:0.09040241,-1.6117493,1.5604857,0.2629596,-4.025234,0.28208375,-2.70482,-1.3711,4.617396,-2.235857
Random258
Raw:0.09040272,-1.6117494,1.5604858,0.2629596,-4.025234,0.28208384,-2.7048202,-1.3711004,4.6173954,-2.2358565
EFT:0.09040241,-1.6117493,1.5604857,0.2629596,-4.025234,0.28208375,-2.70482,-1.3711001,4.617396,-2.235857
Random259
Raw:0.09040123,-1.6117493,1.5604873,0.2629615,-4.025237,0.28208262,-2.7048213,-1.3710998,4.617397,-2.2358584
EFT:0.09040241,-1.6117493,1.5604857,0.2629596,-4.0252347,0.28208375,-2.70482,-1.3711,4.617396,-2.235857
Random260
Raw:0.09040296,-1.6117493,1.5604846,0.26295984,-4.0252337,0.2820825,-2.7048194,-1.3710997,4.617395,-2.2358572
EFT:0.09040241,-1.6117493,1.5604857,0.2629596,-4.025234,0.28208375,-2.70482,-1.3711,4.6173954,-2.235857
Random261
Raw:0.09040165,-1.6117499,1.5604858,0.2629596,-4.025234,0.28208363,-2.70482,-1.3711004,4.617395,-2.2358565
EFT:0.09040241,-1.6117493,1.5604857,0.2629596,-4.025234,0.28208375,-2.70482,-1.3711001,4.617396,-2.235857
Random262
Raw:0.09040356,-1.6117499,1.5604858,0.2629603,-4.025235,0.28208292,-2.704819,-1.3711,4.6173964,-2.235858
EFT:0.09040241,-1.6117493,1.5604857,0.2629596,-4.0252347,0.28208375,-2.70482,-1.3711001,4.6173954,-2.235857
Random263
Raw:0.090400994,-1.6117495,1.5604868,0.2629603,-4.0252347,0.28208303,-2.7048206,-1.3711003,4.6173954,-2.235857
EFT:0.09040241,-1.6117494,1.5604857,0.2629596,-4.0252347,0.28208375,-2.70482,-1.3711001,4.617396,-2.235857
Random264
Raw:0.09040117,-1.6117493,1.5604861,0.2629603,-4.025234,0.2820841,-2.7048204,-1.3710997,4.6173954,-2.2358568
EFT:0.09040241,-1.6117493,1.5604857,0.2629596,-4.0252347,0.28208375,-2.70482,-1.3711001,4.617396,-2.235857
Random265
Raw:0.090402365,-1.6117494,1.5604844,0.26295936,-4.0252337,0.28208387,-2.7048197,-1.3710997,4.617395,-2.2358565
EFT:0.09040241,-1.6117493,1.5604857,0.2629596,-4.0252347,0.28208375,-2.70482,-1.3711,4.6173954,-2.235857
Random266
Raw:0.090402365,-1.6117496,1.5604854,0.26295972,-4.025234,0.28208268,-2.7048194,-1.3710995,4.6173954,-2.2358565
EFT:0.09040241,-1.6117494,1.5604857,0.2629596,-4.0252347,0.28208375,-2.70482,-1.3711,4.6173954,-2.235857
Random267
Raw:0.0904026,-1.6117499,1.5604856,0.26295936,-4.025234,0.28208387,-2.7048194,-1.3710998,4.617395,-2.2358568
EFT:0.09040241,-1.6117493,1.5604857,0.2629596,-4.0252347,0.28208375,-2.70482,-1.3711001,4.6173954,-2.235857
Random268
Raw:0.09040189,-1.61175,1.5604854,0.26295936,-4.0252337,0.282084,-2.7048204,-1.3711,4.6173944,-2.2358563
EFT:0.09040241,-1.6117493,1.5604857,0.2629596,-4.0252347,0.28208375,-2.70482,-1.3711,4.6173954,-2.235857
Random269
Raw:0.09040177,-1.6117498,1.5604863,0.26296008,-4.0252347,0.28208363,-2.7048204,-1.3710998,4.6173954,-2.235857
EFT:0.09040241,-1.6117493,1.5604857,0.2629596,-4.025234,0.28208375,-2.70482,-1.3711,4.6173954,-2.235857
Random270
Raw:0.090402424,-1.6117495,1.5604856,0.26295984,-4.0252347,0.28208363,-2.7048197,-1.3711001,4.617395,-2.235857
EFT:0.09040241,-1.6117493,1.5604857,0.2629596,-4.0252347,0.28208375,-2.70482,-1.3711,4.617396,-2.235857
Random271
Raw:0.09040266,-1.6117494,1.5604858,0.26295936,-4.0252337,0.2820841,-2.70482,-1.3711004,4.6173954,-2.2358565
EFT:0.09040241,-1.6117494,1.5604857,0.2629596,-4.0252347,0.28208375,-2.70482,-1.3711,4.6173954,-2.235857
Random272
Raw:0.0904032,-1.6117494,1.5604851,0.26295984,-4.0252337,0.2820837,-2.704819,-1.3710997,4.6173944,-2.235857
EFT:0.09040241,-1.6117493,1.5604857,0.2629596,-4.0252347,0.28208375,-2.70482,-1.3711,4.6173954,-2.235857
Random273
Raw:0.09040141,-1.6117493,1.5604856,0.2629596,-4.025234,0.28208315,-2.7048204,-1.3711,4.6173954,-2.2358568
EFT:0.09040241,-1.6117493,1.5604857,0.2629596,-4.025234,0.28208375,-2.70482,-1.3711001,4.6173954,-2.235857
Random274
Raw:0.090402484,-1.6117494,1.5604873,0.26296043,-4.0252357,0.28208268,-2.7048202,-1.3711001,4.617396,-2.235858
EFT:0.09040241,-1.6117493,1.5604857,0.2629596,-4.025234,0.28208375,-2.70482,-1.3711001,4.6173954,-2.235857
Random275
Raw:0.09040189,-1.6117499,1.5604858,0.26295996,-4.0252347,0.28208354,-2.7048204,-1.3710992,4.617396,-2.235857
EFT:0.09040241,-1.6117493,1.5604857,0.2629596,-4.025234,0.28208375,-2.70482,-1.3711,4.6173954,-2.235857
Random276
Raw:0.09040189,-1.6117499,1.5604858,0.26295936,-4.0252337,0.28208363,-2.7048202,-1.3710997,4.6173954,-2.2358565
EFT:0.09040241,-1.6117494,1.5604857,0.2629596,-4.0252347,0.28208375,-2.70482,-1.3711,4.6173954,-2.235857
Random277
Raw:0.0904026,-1.6117496,1.5604856,0.26295972,-4.0252347,0.28208363,-2.7048194,-1.3710996,4.617396,-2.2358572
EFT:0.09040241,-1.6117493,1.5604857,0.2629596,-4.025234,0.28208375,-2.70482,-1.3711001,4.6173954,-2.235857
Random278
Raw:0.09040451,-1.6117494,1.5604854,0.26296008,-4.0252347,0.28208315,-2.704819,-1.3710994,4.617396,-2.2358577
EFT:0.09040241,-1.6117493,1.5604857,0.2629596,-4.0252347,0.28208375,-2.70482,-1.3711,4.6173954,-2.235857
Random279
Raw:0.09040189,-1.6117496,1.5604863,0.26296043,-4.025235,0.28208327,-2.7048204,-1.3710995,4.617396,-2.2358577
EFT:0.09040241,-1.6117493,1.5604857,0.2629596,-4.025234,0.28208375,-2.70482,-1.3711001,4.617396,-2.235857
Random280
Raw:0.09040308,-1.6117499,1.5604858,0.26295984,-4.025235,0.28208327,-2.7048204,-1.3710998,4.617396,-2.2358575
EFT:0.09040241,-1.6117494,1.5604857,0.2629596,-4.0252347,0.28208375,-2.70482,-1.3711,4.617396,-2.235857
Random281
Raw:0.09040213,-1.6117496,1.5604858,0.26295984,-4.0252347,0.28208345,-2.7048194,-1.3711007,4.6173954,-2.235857
EFT:0.09040241,-1.6117494,1.5604857,0.2629596,-4.025234,0.28208375,-2.70482,-1.3711,4.6173954,-2.235857
Random282
Raw:0.09040135,-1.6117495,1.5604863,0.26295984,-4.0252347,0.28208375,-2.704821,-1.3711,4.6173954,-2.2358568
EFT:0.09040241,-1.6117494,1.5604857,0.2629596,-4.0252347,0.28208375,-2.70482,-1.3711,4.617396,-2.235857
Random283
Raw:0.09040308,-1.6117492,1.5604856,0.26296008,-4.0252347,0.28208262,-2.7048187,-1.3711001,4.617396,-2.2358572
EFT:0.09040241,-1.6117493,1.5604857,0.2629596,-4.025234,0.28208375,-2.70482,-1.3711,4.617396,-2.235857
Random284
Raw:0.09040171,-1.6117494,1.5604844,0.262959,-4.025233,0.28208444,-2.70482,-1.3710994,4.617395,-2.2358558
EFT:0.09040241,-1.6117493,1.5604857,0.2629596,-4.025234,0.28208375,-2.70482,-1.3711,4.6173954,-2.235857
Random285
Raw:0.09040141,-1.6117495,1.5604863,0.26295984,-4.0252347,0.2820838,-2.70482,-1.3710994,4.6173954,-2.235857
EFT:0.09040241,-1.6117493,1.5604857,0.2629596,-4.025234,0.28208375,-2.70482,-1.3711,4.6173954,-2.235857
Random286
Raw:0.0904026,-1.6117504,1.5604856,0.26295972,-4.025234,0.28208363,-2.7048194,-1.3710996,4.6173954,-2.235857
EFT:0.09040241,-1.6117493,1.5604857,0.2629596,-4.025234,0.28208375,-2.70482,-1.3711,4.6173954,-2.235857
Random287
Raw:0.09040189,-1.6117495,1.5604854,0.26296008,-4.0252347,0.28208327,-2.7048202,-1.3710998,4.6173954,-2.235857
EFT:0.09040241,-1.6117493,1.5604857,0.2629596,-4.025234,0.28208375,-2.70482,-1.3711,4.617396,-2.235857
Random288
Raw:0.09040213,-1.61175,1.5604846,0.26295936,-4.025234,0.2820834,-2.7048197,-1.3711003,4.6173954,-2.2358565
EFT:0.09040241,-1.6117494,1.5604857,0.2629596,-4.0252347,0.28208375,-2.70482,-1.3711,4.617396,-2.235857
Random289
Raw:0.0904026,-1.6117495,1.5604854,0.26295984,-4.025234,0.2820831,-2.7048194,-1.3710998,4.6173954,-2.2358572
EFT:0.09040241,-1.6117493,1.5604857,0.2629596,-4.0252347,0.28208375,-2.70482,-1.3711,4.617396,-2.235857
Random290
Raw:0.09040272,-1.6117496,1.5604858,0.26295996,-4.025234,0.28208363,-2.7048197,-1.3711002,4.6173954,-2.2358565
EFT:0.09040241,-1.6117493,1.5604857,0.2629596,-4.0252347,0.28208375,-2.70482,-1.3711001,4.617396,-2.235857
Random291
Raw:0.09040135,-1.6117492,1.5604868,0.2629603,-4.025235,0.28208375,-2.7048204,-1.3711001,4.617396,-2.2358577
EFT:0.09040241,-1.6117494,1.5604857,0.2629596,-4.0252347,0.28208375,-2.70482,-1.3711001,4.6173954,-2.235857
Random292
Raw:0.09040213,-1.6117496,1.5604861,0.2629603,-4.025235,0.28208315,-2.70482,-1.3710995,4.6173964,-2.2358575
EFT:0.09040241,-1.6117493,1.5604857,0.2629596,-4.0252347,0.28208375,-2.70482,-1.3711001,4.6173954,-2.235857
Random293
Raw:0.090402305,-1.6117494,1.5604846,0.26295912,-4.025233,0.28208423,-2.7048192,-1.3710997,4.617394,-2.235856
EFT:0.09040241,-1.6117493,1.5604857,0.2629596,-4.025234,0.28208375,-2.70482,-1.3711,4.6173954,-2.235857
Random294
Raw:0.09040284,-1.6117492,1.5604842,0.26295948,-4.0252337,0.28208435,-2.704819,-1.3711,4.6173944,-2.2358563
EFT:0.09040241,-1.6117494,1.5604857,0.2629596,-4.0252347,0.28208375,-2.70482,-1.3711,4.6173954,-2.235857
Random295
Raw:0.090402365,-1.6117501,1.5604849,0.26295972,-4.0252337,0.28208363,-2.7048194,-1.3711003,4.617395,-2.2358563
EFT:0.09040241,-1.6117493,1.5604857,0.2629596,-4.0252347,0.28208375,-2.70482,-1.3711001,4.6173954,-2.235857
Random296
Raw:0.090402365,-1.6117501,1.5604856,0.26295936,-4.0252347,0.2820832,-2.7048202,-1.3710997,4.617396,-2.2358575
EFT:0.09040241,-1.6117493,1.5604857,0.2629596,-4.0252347,0.28208375,-2.70482,-1.3711,4.617396,-2.235857
Random297
Raw:0.090400934,-1.611749,1.5604863,0.2629603,-4.025234,0.28208297,-2.7048206,-1.3710996,4.617396,-2.2358575
EFT:0.09040241,-1.6117494,1.5604857,0.2629596,-4.025234,0.28208375,-2.70482,-1.3711,4.6173954,-2.235857
Random298
Raw:0.09040189,-1.6117498,1.5604858,0.26295984,-4.0252337,0.28208393,-2.7048197,-1.3711002,4.617395,-2.2358563
EFT:0.09040241,-1.6117493,1.5604857,0.2629596,-4.025234,0.28208375,-2.70482,-1.3711,4.617396,-2.235857
Random299
Raw:0.09040308,-1.6117496,1.5604854,0.26295984,-4.0252337,0.28208363,-2.7048194,-1.3710996,4.617395,-2.2358565
EFT:0.09040241,-1.6117493,1.5604857,0.2629596,-4.0252347,0.28208375,-2.70482,-1.3711,4.6173954,-2.235857
Random300
Raw:0.09040189,-1.6117489,1.5604851,0.26296008,-4.025234,0.28208408,-2.7048204,-1.3711,4.6173954,-2.2358565
EFT:0.09040241,-1.6117493,1.5604857,0.2629596,-4.025234,0.28208375,-2.70482,-1.3711,4.6173954,-2.235857
