Ascend
Raw:5.391364,2.3372345,12.504961,4.3162766,19.498701,15.820419,5.0092716,10.539209,9.290235,8.997999
EFT:5.391366,2.3372338,12.504963,4.316277,19.498701,15.820422,5.0092726,10.539211,9.290236,8.998
Descend
Raw:5.391365,2.3372335,12.504961,4.316277,19.498705,15.820421,5.009273,10.539213,9.290236,8.998
EFT:5.391366,2.3372338,12.504963,4.316277,19.498701,15.820422,5.0092726,10.539211,9.290236,8.998
Random1
Raw:5.391365,2.337234,12.504961,4.316277,19.498703,15.820417,5.009271,10.539212,9.2902355,8.997997
EFT:5.391366,2.3372338,12.504964,4.316277,19.498701,15.820422,5.0092726,10.539211,9.290236,8.998
Random2
Raw:5.391366,2.337235,12.504961,4.3162766,19.498703,15.820419,5.0092716,10.539211,9.290235,8.997999
EFT:5.391366,2.3372338,12.504964,4.316277,19.498701,15.820422,5.0092726,10.539211,9.290236,8.998
Random3
Raw:5.391368,2.3372335,12.504963,4.3162766,19.498703,15.820423,5.0092726,10.539211,9.290236,8.997999
EFT:5.391366,2.3372338,12.504964,4.316277,19.498701,15.820422,5.0092726,10.539211,9.290236,8.998
Random4
Raw:5.391367,2.337234,12.504961,4.3162766,19.4987,15.820418,5.0092716,10.539211,9.2902355,8.997999
EFT:5.391366,2.3372338,12.504963,4.316277,19.498701,15.820422,5.0092726,10.539211,9.290236,8.998
Random5
Raw:5.391368,2.3372335,12.504963,4.316277,19.498703,15.820422,5.0092726,10.539211,9.290236,8.997999
EFT:5.391366,2.3372338,12.504963,4.316277,19.498701,15.820422,5.0092726,10.539211,9.290236,8.998
Random6
Raw:5.391366,2.3372343,12.504961,4.316276,19.4987,15.82042,5.0092716,10.53921,9.2902355,8.997999
EFT:5.391366,2.3372338,12.504963,4.316277,19.498701,15.820422,5.0092726,10.539211,9.290236,8.998
Random7
Raw:5.391366,2.337235,12.504961,4.316277,19.498703,15.820418,5.0092716,10.539209,9.2902355,8.997998
EFT:5.3913655,2.3372338,12.504964,4.316277,19.498701,15.820422,5.0092726,10.539211,9.290236,8.998
Random8
Raw:5.391367,2.3372355,12.504965,4.316278,19.49871,15.820423,5.0092745,10.539213,9.290238,8.998002
EFT:5.3913655,2.3372338,12.504964,4.316277,19.498701,15.820422,5.0092726,10.539211,9.290236,8.998
Random9
Raw:5.391365,2.3372328,12.504963,4.316277,19.498701,15.820421,5.0092735,10.539211,9.2902355,8.998
EFT:5.3913655,2.3372338,12.504963,4.316277,19.498701,15.820422,5.0092726,10.539211,9.290236,8.998
Random10
Raw:5.391366,2.3372374,12.504967,4.3162785,19.49871,15.820425,5.009273,10.539215,9.290238,8.998004
EFT:5.3913655,2.3372338,12.504964,4.316277,19.498701,15.820422,5.0092726,10.539211,9.290236,8.998
Random11
Raw:5.391365,2.3372355,12.504961,4.3162756,19.4987,15.820417,5.0092716,10.539209,9.290235,8.997998
EFT:5.3913655,2.3372338,12.504964,4.316277,19.498701,15.820422,5.0092726,10.539211,9.290236,8.998
Random12
Raw:5.391365,2.337234,12.504961,4.316276,19.4987,15.820419,5.0092707,10.539208,9.290235,8.997997
EFT:5.391366,2.3372338,12.504964,4.316277,19.498701,15.820422,5.0092726,10.539211,9.290236,8.998
Random13
Raw:5.391365,2.3372345,12.504961,4.3162756,19.4987,15.820417,5.00927,10.539207,9.290235,8.997997
EFT:5.391366,2.3372338,12.504963,4.316277,19.498701,15.820422,5.0092726,10.539211,9.290236,8.998
Random14
Raw:5.391366,2.337237,12.504965,4.3162766,19.498707,15.82042,5.0092735,10.539213,9.290235,8.998
EFT:5.391366,2.3372338,12.504964,4.316277,19.498701,15.820422,5.0092726,10.539211,9.290236,8.998
Random15
Raw:5.391364,2.3372326,12.504961,4.316277,19.498703,15.820417,5.009272,10.539209,9.2902355,8.997999
EFT:5.391366,2.3372338,12.504963,4.316277,19.498701,15.820422,5.0092726,10.539211,9.290236,8.998
Random16
Raw:5.391366,2.3372345,12.504965,4.316278,19.498709,15.820423,5.0092754,10.539214,9.290237,8.998003
EFT:5.391366,2.3372338,12.504964,4.316277,19.498701,15.820422,5.0092726,10.539211,9.290236,8.998
Random17
Raw:5.391366,2.3372338,12.504961,4.316275,19.4987,15.820418,5.0092716,10.53921,9.290235,8.997998
EFT:5.391366,2.3372338,12.504964,4.316277,19.498701,15.820422,5.0092726,10.539211,9.290236,8.998
Random18
Raw:5.391364,2.3372335,12.504961,4.3162766,19.4987,15.820416,5.0092716,10.539205,9.290235,8.997997
EFT:5.391366,2.3372338,12.504963,4.316277,19.498701,15.820422,5.0092726,10.539211,9.290236,8.998
Random19
Raw:5.391366,2.337234,12.504961,4.316276,19.498701,15.820419,5.0092716,10.539212,9.2902355,8.997999
EFT:5.3913655,2.3372338,12.504963,4.316277,19.498701,15.820422,5.0092726,10.539211,9.290236,8.998
Random20
Raw:5.391364,2.337234,12.504961,4.3162766,19.498701,15.820418,5.0092716,10.53921,9.290235,8.997999
EFT:5.391366,2.3372338,12.504964,4.316277,19.498701,15.820422,5.0092726,10.539211,9.290236,8.998
Random21
Raw:5.391366,2.3372335,12.504963,4.3162766,19.498703,15.820423,5.0092726,10.539212,9.2902355,8.998
EFT:5.391366,2.3372338,12.504964,4.316277,19.498701,15.820422,5.0092726,10.539211,9.290236,8.998
Random22
Raw:5.391366,2.337236,12.504965,4.3162766,19.498707,15.820419,5.0092726,10.539213,9.2902355,8.998
EFT:5.391366,2.3372338,12.504964,4.316277,19.498701,15.820422,5.0092726,10.539211,9.290236,8.998
Random23
Raw:5.391367,2.337236,12.504965,4.3162775,19.498703,15.820422,5.0092735,10.539211,9.2902355,8.997999
EFT:5.391366,2.3372338,12.504963,4.316277,19.498701,15.820422,5.0092726,10.539211,9.290236,8.998
Random24
Raw:5.391366,2.3372364,12.504965,4.3162775,19.498705,15.820421,5.0092726,10.53921,9.290236,8.998
EFT:5.3913655,2.3372338,12.504964,4.316277,19.498701,15.820422,5.0092726,10.539211,9.290236,8.998
Random25
Raw:5.391366,2.3372345,12.504961,4.3162766,19.498703,15.820425,5.0092726,10.539211,9.290236,8.998
EFT:5.3913655,2.3372338,12.504964,4.316277,19.498701,15.820422,5.0092726,10.539211,9.290236,8.998
Random26
Raw:5.391367,2.3372345,12.504963,4.316277,19.498701,15.820422,5.0092726,10.539211,9.290236,8.998
EFT:5.391366,2.3372338,12.504964,4.316277,19.498701,15.820422,5.0092726,10.539211,9.290236,8.998
Random27
Raw:5.391364,2.337234,12.504959,4.316276,19.4987,15.820418,5.009273,10.5392065,9.290233,8.997996
EFT:5.391366,2.3372338,12.504964,4.316277,19.498701,15.820422,5.0092726,10.539211,9.290236,8.998
Random28
Raw:5.391366,2.337235,12.504961,4.3162766,19.498701,15.820419,5.009271,10.539209,9.290235,8.997999
EFT:5.391366,2.3372338,12.504964,4.316277,19.498701,15.820422,5.0092726,10.539211,9.290236,8.998
Random29
Raw:5.391364,2.3372355,12.504961,4.3162766,19.498703,15.820419,5.0092707,10.539209,9.2902355,8.997999
EFT:5.391366,2.3372338,12.504963,4.316277,19.498701,15.820422,5.0092726,10.539211,9.290236,8.998
Random30
Raw:5.391367,2.337234,12.504963,4.316277,19.498703,15.820423,5.009272,10.539211,9.290235,8.998
EFT:5.391366,2.3372338,12.504964,4.316277,19.498701,15.820422,5.0092726,10.539211,9.290236,8.998
Random31
Raw:5.391363,2.337234,12.504961,4.3162766,19.498703,15.820417,5.0092707,10.53921,9.2902355,8.997999
EFT:5.391366,2.3372338,12.504964,4.316277,19.498701,15.820422,5.0092726,10.539211,9.290236,8.998
Random32
Raw:5.391365,2.337234,12.504963,4.3162766,19.498701,15.820421,5.009272,10.539211,9.290236,8.998001
EFT:5.391366,2.3372338,12.504963,4.316277,19.498701,15.820422,5.0092726,10.539211,9.290236,8.998
Random33
Raw:5.391364,2.3372345,12.504963,4.3162766,19.498701,15.820425,5.0092726,10.539211,9.290236,8.997999
EFT:5.391366,2.3372338,12.504964,4.316277,19.498701,15.820422,5.0092726,10.539211,9.290236,8.998
Random34
Raw:5.391364,2.337233,12.504959,4.3162756,19.4987,15.820416,5.0092716,10.539207,9.290234,8.997996
EFT:5.391366,2.3372338,12.504964,4.316277,19.498701,15.820422,5.0092726,10.539211,9.290236,8.998
Random35
Raw:5.391366,2.3372338,12.504963,4.316277,19.498703,15.820422,5.0092726,10.539211,9.290236,8.998
EFT:5.391366,2.3372338,12.504964,4.316277,19.498701,15.820422,5.0092726,10.539211,9.290236,8.998
Random36
Raw:5.391365,2.337235,12.504961,4.3162766,19.498703,15.82042,5.009271,10.53921,9.2902355,8.997998
EFT:5.391366,2.3372338,12.504963,4.316277,19.498701,15.820422,5.0092726,10.539211,9.290236,8.998
Random37
Raw:5.391365,2.3372374,12.504965,4.316277,19.498707,15.820422,5.0092716,10.539212,9.290236,8.998
EFT:5.391366,2.3372338,12.504963,4.316277,19.498701,15.820422,5.0092726,10.539211,9.290236,8.998
Random38
Raw:5.391369,2.3372335,12.504963,4.316277,19.498703,15.820422,5.0092745,10.539211,9.290236,8.998
EFT:5.391366,2.3372338,12.504964,4.316277,19.498701,15.820422,5.0092726,10.539211,9.290236,8.998
Random39
Raw:5.391364,2.3372345,12.504961,4.316277,19.498701,15.820417,5.009272,10.539211,9.2902355,8.997998
EFT:5.3913655,2.3372338,12.504963,4.316277,19.498701,15.820422,5.0092726,10.539211,9.290236,8.998
Random40
Raw:5.391368,2.3372355,12.504965,4.3162766,19.498709,15.820422,5.009273,10.539211,9.290235,8.998001
EFT:5.3913655,2.3372338,12.504963,4.316277,19.498701,15.820422,5.0092726,10.539211,9.290236,8.998
Random41
Raw:5.391365,2.3372355,12.504961,4.3162766,19.498701,15.820418,5.0092716,10.53921,9.2902355,8.997997
EFT:5.3913655,2.3372338,12.504964,4.316277,19.498701,15.820422,5.0092726,10.539211,9.290236,8.998
Random42
Raw:5.391366,2.3372362,12.504967,4.316277,19.498707,15.820423,5.0092735,10.539215,9.290235,8.998
EFT:5.3913655,2.3372338,12.504963,4.316277,19.498701,15.820422,5.0092726,10.539211,9.290236,8.998
Random43
Raw:5.391366,2.3372335,12.504963,4.316277,19.498705,15.820419,5.0092735,10.539212,9.290235,8.998
EFT:5.391366,2.3372338,12.504964,4.316277,19.498701,15.820422,5.0092726,10.539211,9.290236,8.998
Random44
Raw:5.391364,2.3372345,12.504961,4.3162766,19.498707,15.820419,5.0092726,10.539209,9.2902355,8.997999
EFT:5.391366,2.3372338,12.504964,4.316277,19.498701,15.820422,5.0092726,10.539211,9.290236,8.998
Random45
Raw:5.391364,2.3372335,12.504961,4.316276,19.498701,15.820416,5.009272,10.5392065,9.290233,8.997997
EFT:5.3913655,2.3372338,12.504964,4.316277,19.498701,15.820422,5.0092726,10.539211,9.290236,8.998
Random46
Raw:5.391367,2.337234,12.504961,4.3162756,19.4987,15.820417,5.0092716,10.539208,9.290235,8.997998
EFT:5.3913655,2.3372338,12.504964,4.316277,19.498701,15.820422,5.0092726,10.539211,9.290236,8.998
Random47
Raw:5.391365,2.337234,12.504959,4.3162756,19.4987,15.8204155,5.0092716,10.539207,9.290235,8.997997
EFT:5.391366,2.3372338,12.504963,4.316277,19.498701,15.820422,5.0092726,10.539211,9.290236,8.998
Random48
Raw:5.391366,2.3372326,12.504963,4.316277,19.498703,15.820421,5.009273,10.539212,9.290236,8.998
EFT:5.391366,2.3372338,12.504964,4.316277,19.498701,15.820422,5.0092726,10.539211,9.290236,8.998
Random49
Raw:5.391366,2.337233,12.504959,4.3162756,19.4987,15.8204155,5.009271,10.539209,9.290234,8.997998
EFT:5.391366,2.3372338,12.504964,4.316277,19.498701,15.820422,5.0092726,10.539211,9.290236,8.998
Random50
Raw:5.391363,2.337234,12.504961,4.3162766,19.498701,15.820419,5.009272,10.53921,9.290235,8.997999
EFT:5.3913655,2.3372338,12.504963,4.316277,19.498701,15.820422,5.0092726,10.539211,9.290236,8.998
Random51
Raw:5.391365,2.337234,12.504961,4.316278,19.498703,15.820421,5.0092716,10.539212,9.290236,8.998
EFT:5.391366,2.3372338,12.504963,4.316277,19.498701,15.820422,5.0092726,10.539211,9.290236,8.998
Random52
Raw:5.391366,2.337235,12.504961,4.3162766,19.498703,15.820419,5.009272,10.53921,9.2902355,8.997999
EFT:5.3913655,2.3372338,12.504964,4.316277,19.498701,15.820422,5.0092726,10.539211,9.290236,8.998
Random53
Raw:5.3913603,2.3372335,12.504959,4.316276,19.498697,15.8204155,5.009273,10.539208,9.290233,8.997997
EFT:5.391366,2.3372338,12.504963,4.316277,19.498701,15.820422,5.0092726,10.539211,9.290236,8.998
Random54
Raw:5.391365,2.3372345,12.504963,4.316277,19.498701,15.820423,5.0092745,10.539211,9.290237,8.997999
EFT:5.391366,2.3372338,12.504963,4.316277,19.498701,15.820422,5.0092726,10.539211,9.290236,8.998
Random55
Raw:5.391364,2.337233,12.504961,4.3162756,19.498701,15.8204155,5.0092716,10.5392065,9.290233,8.997996
EFT:5.391366,2.3372338,12.504963,4.316277,19.498701,15.820422,5.0092726,10.539211,9.290236,8.998
Random56
Raw:5.391366,2.3372343,12.504961,4.316276,19.4987,15.820417,5.009272,10.539209,9.290235,8.997998
EFT:5.3913655,2.3372338,12.504964,4.316277,19.498701,15.820422,5.0092726,10.539211,9.290236,8.998
Random57
Raw:5.391366,2.3372343,12.504961,4.3162766,19.498701,15.820419,5.0092716,10.539212,9.290235,8.997999
EFT:5.3913655,2.3372338,12.504963,4.316277,19.498701,15.820422,5.0092726,10.539211,9.290236,8.998
Random58
Raw:5.391366,2.3372355,12.504961,4.3162766,19.498703,15.820417,5.0092716,10.53921,9.2902355,8.997999
EFT:5.391366,2.3372338,12.504964,4.316277,19.498701,15.820422,5.0092726,10.539211,9.290236,8.998
Random59
Raw:5.391367,2.3372343,12.504961,4.316276,19.4987,15.820416,5.0092697,10.539209,9.290235,8.997999
EFT:5.391366,2.3372338,12.504964,4.316277,19.498701,15.820422,5.0092726,10.539211,9.290236,8.998
Random60
Raw:5.391366,2.3372345,12.504961,4.3162756,19.4987,15.820416,5.009271,10.539207,9.290234,8.997998
EFT:5.391366,2.3372338,12.504964,4.316277,19.498701,15.820422,5.0092726,10.539211,9.290236,8.998
Random61
Raw:5.391367,2.3372355,12.504961,4.3162756,19.498701,15.820418,5.0092707,10.539209,9.290235,8.997999
EFT:5.391366,2.3372338,12.504963,4.316277,19.498701,15.820422,5.0092726,10.539211,9.290236,8.998
Random62
Raw:5.391366,2.3372345,12.504959,4.3162756,19.4987,15.820417,5.009273,10.539207,9.2902355,8.997997
EFT:5.391366,2.3372338,12.504964,4.316277,19.498701,15.820422,5.0092726,10.539211,9.290236,8.998
Random63
Raw:5.391366,2.3372374,12.504965,4.316277,19.498707,15.820421,5.0092735,10.539211,9.290235,8.997999
EFT:5.3913655,2.3372338,12.504964,4.316277,19.498701,15.820422,5.0092726,10.539211,9.290236,8.998
Random64
Raw:5.391366,2.3372355,12.504967,4.316278,19.498709,15.820424,5.0092745,10.539213,9.290237,8.998002
EFT:5.3913655,2.3372338,12.504964,4.316277,19.498701,15.820422,5.0092726,10.539211,9.290236,8.998
Random65
Raw:5.391364,2.3372326,12.504961,4.3162775,19.498701,15.820419,5.009271,10.539211,9.2902355,8.997999
EFT:5.391366,2.3372338,12.504964,4.316277,19.498701,15.820422,5.0092726,10.539211,9.290236,8.998
Random66
Raw:5.391366,2.3372343,12.504955,4.3162737,19.498692,15.820413,5.0092697,10.539206,9.290232,8.997995
EFT:5.391366,2.3372338,12.504964,4.316277,19.498701,15.820422,5.0092726,10.539211,9.290236,8.998
Random67
Raw:5.391364,2.337233,12.504959,4.3162756,19.4987,15.8204155,5.0092716,10.5392065,9.290233,8.997997
EFT:5.391366,2.3372338,12.504964,4.316277,19.498701,15.820422,5.0092726,10.539211,9.290236,8.998
Random68
Raw:5.391367,2.337235,12.504965,4.3162766,19.498707,15.820419,5.0092735,10.539212,9.290236,8.998001
EFT:5.391366,2.3372338,12.504964,4.316277,19.498701,15.820422,5.0092726,10.539211,9.290236,8.998
Random69
Raw:5.391364,2.3372345,12.504961,4.3162766,19.498703,15.820417,5.0092726,10.53921,9.2902355,8.997997
EFT:5.3913655,2.3372338,12.504963,4.316277,19.498701,15.820422,5.0092726,10.539211,9.290236,8.998
Random70
Raw:5.391366,2.3372362,12.504967,4.316278,19.498707,15.820423,5.0092735,10.539213,9.290238,8.998002
EFT:5.391366,2.3372338,12.504964,4.316277,19.498701,15.820422,5.0092726,10.539211,9.290236,8.998
Random71
Raw:5.391367,2.3372345,12.504959,4.3162756,19.4987,15.820418,5.0092707,10.539209,9.290235,8.997998
EFT:5.391366,2.3372338,12.504964,4.316277,19.498701,15.820422,5.0092726,10.539211,9.290236,8.998
Random72
Raw:5.391366,2.337237,12.504965,4.3162775,19.498705,15.820422,5.0092726,10.539211,9.290236,8.998
EFT:5.391366,2.3372338,12.504963,4.316277,19.498701,15.820422,5.0092726,10.539211,9.290236,8.998
Random73
Raw:5.391364,2.337235,12.504961,4.316277,19.498701,15.820419,5.009271,10.539209,9.2902355,8.997999
EFT:5.391366,2.3372338,12.504964,4.316277,19.498701,15.820422,5.0092726,10.539211,9.290236,8.998
Random74
Raw:5.391365,2.3372326,12.504963,4.316277,19.498703,15.820421,5.0092735,10.539211,9.2902355,8.998
EFT:5.391366,2.3372338,12.504963,4.316277,19.498701,15.820422,5.0092726,10.539211,9.290236,8.998
Random75
Raw:5.391367,2.337234,12.504963,4.3162766,19.498701,15.820422,5.0092716,10.53921,9.290236,8.997999
EFT:5.3913655,2.3372338,12.504963,4.316277,19.498701,15.820422,5.0092726,10.539211,9.290236,8.998
Random76
Raw:5.391365,2.3372338,12.504961,4.316277,19.498701,15.820422,5.0092726,10.539212,9.290236,8.997999
EFT:5.391366,2.3372338,12.504964,4.316277,19.498701,15.820422,5.0092726,10.539211,9.290236,8.998
Random77
Raw:5.391369,2.337234,12.504961,4.316275,19.4987,15.820417,5.0092707,10.539208,9.290234,8.997997
EFT:5.391366,2.3372338,12.504963,4.316277,19.498701,15.820422,5.0092726,10.539211,9.290236,8.998
Random78
Raw:5.391366,2.3372338,12.504963,4.3162766,19.498703,15.820423,5.0092726,10.539211,9.290236,8.997999
EFT:5.3913655,2.3372338,12.504964,4.316277,19.498701,15.820422,5.0092726,10.539211,9.290236,8.998
Random79
Raw:5.391364,2.337232,12.504959,4.316276,19.498697,15.820416,5.0092726,10.5392065,9.290234,8.997996
EFT:5.391366,2.3372338,12.504964,4.316277,19.498701,15.820422,5.0092726,10.539211,9.290236,8.998
Random80
Raw:5.391366,2.337234,12.504961,4.316277,19.498703,15.820423,5.009272,10.539209,9.290236,8.998
EFT:5.391366,2.3372338,12.504963,4.316277,19.498701,15.820422,5.0092726,10.539211,9.290236,8.998
Random81
Raw:5.391364,2.3372335,12.504961,4.3162766,19.498701,15.820419,5.009272,10.53921,9.2902355,8.997998
EFT:5.391366,2.3372338,12.504963,4.316277,19.498701,15.820422,5.0092726,10.539211,9.290236,8.998
Random82
Raw:5.391365,2.3372352,12.504961,4.3162766,19.498703,15.820418,5.009272,10.539211,9.2902355,8.997998
EFT:5.391366,2.3372338,12.504963,4.316277,19.498701,15.820422,5.0092726,10.539211,9.290236,8.998
Random83
Raw:5.391365,2.3372335,12.504963,4.316277,19.498703,15.820422,5.0092726,10.53921,9.290235,8.998
EFT:5.391366,2.3372338,12.504964,4.316277,19.498701,15.820422,5.0092726,10.539211,9.290236,8.998
Random84
Raw:5.391366,2.3372338,12.504961,4.3162766,19.4987,15.820419,5.0092688,10.539209,9.290235,8.997997
EFT:5.391366,2.3372338,12.504964,4.316277,19.498701,15.820422,5.0092726,10.539211,9.290236,8.998
Random85
Raw:5.391362,2.3372366,12.504965,4.316277,19.498707,15.820421,5.0092735,10.539212,9.2902355,8.998
EFT:5.391366,2.3372338,12.504963,4.316277,19.498701,15.820422,5.0092726,10.539211,9.290236,8.998
Random86
Raw:5.391366,2.3372343,12.504961,4.3162756,19.498701,15.820416,5.0092716,10.539209,9.290234,8.997997
EFT:5.391366,2.3372338,12.504964,4.316277,19.498701,15.820422,5.0092726,10.539211,9.290236,8.998
Random87
Raw:5.391365,2.337234,12.504961,4.3162766,19.498701,15.820419,5.0092716,10.53921,9.2902355,8.997997
EFT:5.391366,2.3372338,12.504964,4.316277,19.498701,15.820422,5.0092726,10.539211,9.290236,8.998
Random88
Raw:5.391366,2.3372345,12.504961,4.316277,19.498703,15.820418,5.0092716,10.53921,9.2902355,8.997999
EFT:5.391366,2.3372338,12.504963,4.316277,19.498701,15.820422,5.0092726,10.539211,9.290236,8.998
Random89
Raw:5.391365,2.3372343,12.504961,4.3162766,19.498701,15.820419,5.009272,10.53921,9.2902355,8.997999
EFT:5.3913655,2.3372338,12.504963,4.316277,19.498701,15.820422,5.0092726,10.539211,9.290236,8.998
Random90
Raw:5.391365,2.3372345,12.504961,4.316277,19.498707,15.820418,5.009271,10.53921,9.290235,8.997999
EFT:5.391366,2.3372338,12.504963,4.316277,19.498701,15.820422,5.0092726,10.539211,9.290236,8.998
Random91
Raw:5.391365,2.337234,12.504961,4.316276,19.4987,15.820419,5.0092726,10.53921,9.2902355,8.997997
EFT:5.391366,2.3372338,12.504964,4.316277,19.498701,15.820422,5.0092726,10.539211,9.290236,8.998
Random92
Raw:5.391365,2.3372335,12.504961,4.3162756,19.4987,15.820417,5.00927,10.539209,9.290235,8.997997
EFT:5.391366,2.3372338,12.504963,4.316277,19.498701,15.820422,5.0092726,10.539211,9.290236,8.998
Random93
Raw:5.391363,2.3372345,12.504961,4.316276,19.498703,15.820419,5.0092716,10.539211,9.290235,8.997999
EFT:5.3913655,2.3372338,12.504964,4.316277,19.498701,15.820422,5.0092726,10.539211,9.290236,8.998
Random94
Raw:5.391364,2.337235,12.504959,4.3162766,19.498701,15.820417,5.0092716,10.53921,9.2902355,8.997999
EFT:5.391366,2.3372338,12.504964,4.316277,19.498701,15.820422,5.0092726,10.539211,9.290236,8.998
Random95
Raw:5.391366,2.337237,12.504965,4.316277,19.498707,15.820418,5.0092726,10.539211,9.290235,8.998
EFT:5.3913655,2.3372338,12.504964,4.316277,19.498701,15.820422,5.0092726,10.539211,9.290236,8.998
Random96
Raw:5.391365,2.337234,12.504961,4.3162775,19.498703,15.820419,5.0092707,10.539209,9.2902355,8.997999
EFT:5.391366,2.3372338,12.504963,4.316277,19.498701,15.820422,5.0092726,10.539211,9.290236,8.998
Random97
Raw:5.391366,2.3372343,12.504961,4.316276,19.4987,15.820417,5.0092707,10.539208,9.290235,8.997997
EFT:5.3913655,2.3372338,12.504963,4.316277,19.498701,15.820422,5.0092726,10.539211,9.290236,8.998
Random98
Raw:5.391371,2.3372355,12.504963,4.316276,19.4987,15.820417,5.0092707,10.539207,9.2902355,8.997997
EFT:5.391366,2.3372338,12.504963,4.316277,19.498701,15.820422,5.0092726,10.539211,9.290236,8.998
Random99
Raw:5.391365,2.337234,12.504961,4.3162766,19.4987,15.820416,5.0092707,10.539209,9.290234,8.997998
EFT:5.391366,2.3372338,12.504963,4.316277,19.498701,15.820422,5.0092726,10.539211,9.290236,8.998
Random100
Raw:5.391365,2.3372338,12.504959,4.316276,19.4987,15.820417,5.0092726,10.539209,9.2902355,8.997998
EFT:5.391366,2.3372338,12.504964,4.316277,19.498701,15.820422,5.0092726,10.539211,9.290236,8.998
Random101
Raw:5.391366,2.3372345,12.504961,4.3162756,19.4987,15.820417,5.00927,10.539208,9.290235,8.997998
EFT:5.391366,2.3372338,12.504963,4.316277,19.498701,15.820422,5.0092726,10.539211,9.290236,8.998
Random102
Raw:5.391366,2.337234,12.504967,4.3162775,19.498709,15.820423,5.0092745,10.539212,9.290236,8.998002
EFT:5.391366,2.3372338,12.504963,4.316277,19.498701,15.820422,5.0092726,10.539211,9.290236,8.998
Random103
Raw:5.391364,2.3372345,12.504961,4.3162766,19.498701,15.820418,5.0092707,10.539209,9.290235,8.997998
EFT:5.3913655,2.3372338,12.504964,4.316277,19.498701,15.820422,5.0092726,10.539211,9.290236,8.998
Random104
Raw:5.391366,2.3372333,12.504963,4.316277,19.498703,15.820422,5.0092726,10.539211,9.290236,8.997999
EFT:5.3913655,2.3372338,12.504964,4.316277,19.498701,15.820422,5.0092726,10.539211,9.290236,8.998
Random105
Raw:5.391367,2.3372335,12.504959,4.316276,19.4987,15.820417,5.009271,10.539209,9.290235,8.997998
EFT:5.391366,2.3372338,12.504964,4.316277,19.498701,15.820422,5.0092726,10.539211,9.290236,8.998
Random106
Raw:5.391363,2.3372338,12.504959,4.3162756,19.4987,15.820415,5.0092716,10.539207,9.290232,8.997995
EFT:5.391366,2.3372338,12.504964,4.316277,19.498701,15.820422,5.0092726,10.539211,9.290236,8.998
Random107
Raw:5.391363,2.337234,12.504959,4.3162766,19.498701,15.820419,5.009271,10.539209,9.290236,8.997998
EFT:5.3913655,2.3372338,12.504964,4.316277,19.498701,15.820422,5.0092726,10.539211,9.290236,8.998
Random108
Raw:5.391366,2.3372345,12.504959,4.316277,19.4987,15.820417,5.0092726,10.539211,9.2902355,8.997998
EFT:5.391366,2.3372338,12.504964,4.316277,19.498701,15.820422,5.0092726,10.539211,9.290236,8.998
Random109
Raw:5.391364,2.3372345,12.504963,4.3162766,19.498703,15.820421,5.0092726,10.53921,9.290236,8.997999
EFT:5.391366,2.3372338,12.504964,4.316277,19.498701,15.820422,5.0092726,10.539211,9.290236,8.998
Random110
Raw:5.391366,2.3372362,12.504965,4.3162785,19.498707,15.820425,5.0092735,10.539213,9.290237,8.998002
EFT:5.391366,2.3372338,12.504963,4.316277,19.498701,15.820422,5.0092726,10.539211,9.290236,8.998
Random111
Raw:5.391368,2.3372345,12.504961,4.316276,19.498703,15.820417,5.0092707,10.539209,9.290234,8.997998
EFT:5.391366,2.3372338,12.504963,4.316277,19.498701,15.820422,5.0092726,10.539211,9.290236,8.998
Random112
Raw:5.391365,2.3372345,12.504963,4.316277,19.498701,15.820418,5.0092716,10.539209,9.290235,8.997998
EFT:5.391366,2.3372338,12.504964,4.316277,19.498701,15.820422,5.0092726,10.539211,9.290236,8.998
Random113
Raw:5.391365,2.3372355,12.504965,4.316277,19.498709,15.820421,5.0092735,10.539211,9.2902355,8.998
EFT:5.391366,2.3372338,12.504964,4.316277,19.498701,15.820422,5.0092726,10.539211,9.290236,8.998
Random114
Raw:5.391366,2.3372333,12.504963,4.316277,19.498703,15.820424,5.0092716,10.539211,9.2902355,8.998
EFT:5.391366,2.3372338,12.504963,4.316277,19.498701,15.820422,5.0092726,10.539211,9.290236,8.998
Random115
Raw:5.391366,2.337234,12.504961,4.3162756,19.4987,15.820416,5.0092716,10.539209,9.290236,8.997998
EFT:5.391366,2.3372338,12.504963,4.316277,19.498701,15.820422,5.0092726,10.539211,9.290236,8.998
Random116
Raw:5.391364,2.337233,12.504955,4.316274,19.498692,15.820412,5.0092716,10.539207,9.290234,8.997995
EFT:5.391366,2.3372338,12.504964,4.316277,19.498701,15.820422,5.0092726,10.539211,9.290236,8.998
Random117
Raw:5.391364,2.3372355,12.504961,4.3162775,19.498703,15.820418,5.009271,10.53921,9.2902355,8.997999
EFT:5.391366,2.3372338,12.504963,4.316277,19.498701,15.820422,5.0092726,10.539211,9.290236,8.998
Random118
Raw:5.391367,2.337234,12.504961,4.316276,19.4987,15.820416,5.0092707,10.539209,9.290235,8.997997
EFT:5.391366,2.3372338,12.504964,4.316277,19.498701,15.820422,5.0092726,10.539211,9.290236,8.998
Random119
Raw:5.391365,2.337234,12.504963,4.3162766,19.498701,15.820419,5.009271,10.539211,9.290235,8.997999
EFT:5.3913655,2.3372338,12.504963,4.316277,19.498701,15.820422,5.0092726,10.539211,9.290236,8.998
Random120
Raw:5.391366,2.337234,12.504959,4.316277,19.498703,15.820419,5.0092697,10.53921,9.2902355,8.997998
EFT:5.391366,2.3372338,12.504964,4.316277,19.498701,15.820422,5.0092726,10.539211,9.290236,8.998
Random121
Raw:5.391364,2.3372326,12.504961,4.316277,19.4987,15.820418,5.009271,10.539209,9.2902355,8.997999
EFT:5.391366,2.3372338,12.504964,4.316277,19.498701,15.820422,5.0092726,10.539211,9.290236,8.998
Random122
Raw:5.391365,2.3372343,12.504963,4.316278,19.498705,15.820422,5.0092726,10.539211,9.290236,8.998
EFT:5.3913655,2.3372338,12.504963,4.316277,19.498701,15.820422,5.0092726,10.539211,9.290236,8.998
Random123
Raw:5.391363,2.3372355,12.504961,4.3162766,19.498701,15.820419,5.0092707,10.539211,9.290236,8.997999
EFT:5.3913655,2.3372338,12.504963,4.316277,19.498701,15.820422,5.0092726,10.539211,9.290236,8.998
Random124
Raw:5.391366,2.3372338,12.504961,4.316277,19.498701,15.82042,5.0092716,10.539209,9.2902355,8.997999
EFT:5.391366,2.3372338,12.504963,4.316277,19.498701,15.820422,5.0092726,10.539211,9.290236,8.998
Random125
Raw:5.391364,2.3372335,12.504961,4.316277,19.498705,15.820422,5.0092726,10.539211,9.2902355,8.998001
EFT:5.391366,2.3372338,12.504964,4.316277,19.498701,15.820422,5.0092726,10.539211,9.290236,8.998
Random126
Raw:5.391363,2.3372345,12.504963,4.3162775,19.498701,15.820417,5.0092716,10.539209,9.2902355,8.997999
EFT:5.3913655,2.3372338,12.504963,4.316277,19.498701,15.820422,5.0092726,10.539211,9.290236,8.998
Random127
Raw:5.391365,2.3372345,12.504961,4.316276,19.498701,15.820419,5.0092716,10.53921,9.2902355,8.997999
EFT:5.391366,2.3372338,12.504963,4.316277,19.498701,15.820422,5.0092726,10.539211,9.290236,8.998
Random128
Raw:5.391366,2.3372335,12.504963,4.3162775,19.498701,15.820421,5.0092726,10.53921,9.2902355,8.998
EFT:5.391366,2.3372338,12.504964,4.316277,19.498701,15.820422,5.0092726,10.539211,9.290236,8.998
Random129
Raw:5.391366,2.3372345,12.504961,4.3162766,19.4987,15.820418,5.0092716,10.539211,9.2902355,8.997999
EFT:5.3913655,2.3372338,12.504964,4.316277,19.498701,15.820422,5.0092726,10.539211,9.290236,8.998
Random130
Raw:5.391366,2.3372324,12.504961,4.316277,19.498703,15.820421,5.009273,10.539211,9.290237,8.997999
EFT:5.391366,2.3372338,12.504964,4.316277,19.498701,15.820422,5.0092726,10.539211,9.290236,8.998
Random131
Raw:5.391366,2.337235,12.504959,4.316275,19.4987,15.820417,5.009271,10.539209,9.290234,8.997998
EFT:5.391366,2.3372338,12.504963,4.316277,19.498701,15.820422,5.0092726,10.539211,9.290236,8.998
Random132
Raw:5.391365,2.337233,12.504961,4.3162766,19.498703,15.820422,5.009272,10.539209,9.2902355,8.998
EFT:5.391366,2.3372338,12.504964,4.316277,19.498701,15.820422,5.0092726,10.539211,9.290236,8.998
Random133
Raw:5.391366,2.3372345,12.504961,4.3162756,19.4987,15.820417,5.0092707,10.539208,9.290235,8.997997
EFT:5.391366,2.3372338,12.504964,4.316277,19.498701,15.820422,5.0092726,10.539211,9.290236,8.998
Random134
Raw:5.391367,2.3372333,12.504963,4.316277,19.498701,15.820421,5.0092726,10.539212,9.290235,8.998
EFT:5.391366,2.3372338,12.504964,4.316277,19.498701,15.820422,5.0092726,10.539211,9.290236,8.998
Random135
Raw:5.391367,2.3372345,12.504961,4.3162756,19.4987,15.820416,5.009271,10.539209,9.2902355,8.997998
EFT:5.3913655,2.3372338,12.504963,4.316277,19.498701,15.820422,5.0092726,10.539211,9.290236,8.998
Random136
Raw:5.391366,2.337235,12.504961,4.316277,19.498703,15.820417,5.0092716,10.53921,9.2902355,8.997998
EFT:5.391366,2.3372338,12.504963,4.316277,19.498701,15.820422,5.0092726,10.539211,9.290236,8.998
Random137
Raw:5.391365,2.3372335,12.504963,4.316277,19.498703,15.820422,5.0092716,10.539211,9.290236,8.997998
EFT:5.3913655,2.3372338,12.504963,4.316277,19.498701,15.820422,5.0092726,10.539211,9.290236,8.998
Random138
Raw:5.391363,2.3372347,12.504959,4.316277,19.498701,15.82042,5.0092716,10.539209,9.2902355,8.997999
EFT:5.3913655,2.3372338,12.504963,4.316277,19.498701,15.820422,5.0092726,10.539211,9.290236,8.998
Random139
Raw:5.391366,2.3372355,12.504961,4.3162766,19.498703,15.820417,5.0092716,10.53921,9.290235,8.997997
EFT:5.391366,2.3372338,12.504964,4.316277,19.498701,15.820422,5.0092726,10.539211,9.290236,8.998
Random140
Raw:5.391365,2.3372355,12.504961,4.3162766,19.498701,15.820419,5.0092716,10.53921,9.2902355,8.997999
EFT:5.391366,2.3372338,12.504964,4.316277,19.498701,15.820422,5.0092726,10.539211,9.290236,8.998
Random141
Raw:5.391365,2.3372343,12.504963,4.316277,19.498703,15.820423,5.0092726,10.539211,9.290237,8.998
EFT:5.391366,2.3372338,12.504963,4.316277,19.498701,15.820422,5.0092726,10.539211,9.290236,8.998
Random142
Raw:5.391366,2.337234,12.504963,4.316277,19.498705,15.82042,5.0092726,10.539212,9.290236,8.997999
EFT:5.3913655,2.3372338,12.504964,4.316277,19.498701,15.820422,5.0092726,10.539211,9.290236,8.998
Random143
Raw:5.391364,2.337233,12.504957,4.316276,19.4987,15.820416,5.0092716,10.539205,9.290234,8.997996
EFT:5.391366,2.3372338,12.504964,4.316277,19.498701,15.820422,5.0092726,10.539211,9.290236,8.998
Random144
Raw:5.391366,2.3372352,12.504965,4.316278,19.498713,15.820424,5.0092745,10.539213,9.290237,8.998002
EFT:5.391366,2.3372338,12.504964,4.316277,19.498701,15.820422,5.0092726,10.539211,9.290236,8.998
Random145
Raw:5.391364,2.3372345,12.504961,4.3162766,19.498701,15.820419,5.009271,10.53921,9.2902355,8.997998
EFT:5.391366,2.3372338,12.504964,4.316277,19.498701,15.820422,5.0092726,10.539211,9.290236,8.998
Random146
Raw:5.391366,2.337236,12.504961,4.3162766,19.498701,15.820419,5.0092716,10.53921,9.2902355,8.997999
EFT:5.391366,2.3372338,12.504964,4.316277,19.498701,15.820422,5.0092726,10.539211,9.290236,8.998
Random147
Raw:5.391364,2.3372345,12.504961,4.3162766,19.498703,15.82042,5.0092716,10.539209,9.2902355,8.997998
EFT:5.3913655,2.3372338,12.504963,4.316277,19.498701,15.820422,5.0092726,10.539211,9.290236,8.998
Random148
Raw:5.391366,2.3372326,12.504961,4.3162766,19.498703,15.820418,5.0092716,10.53921,9.2902355,8.997998
EFT:5.391366,2.3372338,12.504963,4.316277,19.498701,15.820422,5.0092726,10.539211,9.290236,8.998
Random149
Raw:5.391367,2.3372352,12.504959,4.316276,19.498695,15.820416,5.0092707,10.539209,9.290235,8.997998
EFT:5.391366,2.3372338,12.504964,4.316277,19.498701,15.820422,5.0092726,10.539211,9.290236,8.998
Random150
Raw:5.391368,2.337236,12.504965,4.3162775,19.498707,15.820423,5.0092735,10.539211,9.2902355,8.998
EFT:5.391366,2.3372338,12.504964,4.316277,19.498701,15.820422,5.0092726,10.539211,9.290236,8.998
Random151
Raw:5.391366,2.3372338,12.504961,4.3162756,19.4987,15.820417,5.0092707,10.539209,9.290234,8.997998
EFT:5.391366,2.3372338,12.504964,4.316277,19.498701,15.820422,5.0092726,10.539211,9.290236,8.998
Random152
Raw:5.391364,2.3372345,12.504959,4.3162756,19.4987,15.820416,5.0092716,10.539207,9.290232,8.997996
EFT:5.3913655,2.3372338,12.504963,4.316277,19.498701,15.820422,5.0092726,10.539211,9.290236,8.998
Random153
Raw:5.391364,2.3372328,12.504959,4.3162756,19.498697,15.8204155,5.0092716,10.539207,9.290233,8.997997
EFT:5.391366,2.3372338,12.504964,4.316277,19.498701,15.820422,5.0092726,10.539211,9.290236,8.998
Random154
Raw:5.391364,2.3372335,12.504963,4.3162766,19.498703,15.820421,5.0092726,10.539211,9.290236,8.998
EFT:5.391366,2.3372338,12.504963,4.316277,19.498701,15.820422,5.0092726,10.539211,9.290236,8.998
Random155
Raw:5.391367,2.3372333,12.504959,4.316276,19.4987,15.820417,5.0092707,10.539209,9.290234,8.997998
EFT:5.391366,2.3372338,12.504964,4.316277,19.498701,15.820422,5.0092726,10.539211,9.290236,8.998
Random156
Raw:5.391366,2.3372347,12.504963,4.3162756,19.498701,15.820416,5.0092707,10.539207,9.290235,8.997998
EFT:5.391366,2.3372338,12.504963,4.316277,19.498701,15.820422,5.0092726,10.539211,9.290236,8.998
Random157
Raw:5.391366,2.3372345,12.504961,4.316277,19.498703,15.820419,5.0092716,10.53921,9.290235,8.997997
EFT:5.391366,2.3372338,12.504964,4.316277,19.498701,15.820422,5.0092726,10.539211,9.290236,8.998
Random158
Raw:5.391364,2.3372333,12.504963,4.316277,19.498701,15.820423,5.0092726,10.539211,9.2902355,8.997999
EFT:5.391366,2.3372338,12.504964,4.316277,19.498701,15.820422,5.0092726,10.539211,9.290236,8.998
Random159
Raw:5.391364,2.3372343,12.504961,4.316277,19.498703,15.820423,5.0092726,10.539211,9.290236,8.998
EFT:5.391366,2.3372338,12.504964,4.316277,19.498701,15.820422,5.0092726,10.539211,9.290236,8.998
Random160
Raw:5.391363,2.3372345,12.504961,4.3162766,19.498701,15.820419,5.0092726,10.539211,9.2902355,8.997999
EFT:5.391366,2.3372338,12.504963,4.316277,19.498701,15.820422,5.0092726,10.539211,9.290236,8.998
Random161
Raw:5.391368,2.337234,12.504963,4.316276,19.4987,15.820417,5.009271,10.539208,9.290235,8.997998
EFT:5.391366,2.3372338,12.504964,4.316277,19.498701,15.820422,5.0092726,10.539211,9.290236,8.998
Random162
Raw:5.391365,2.3372345,12.504965,4.3162766,19.498703,15.820421,5.0092716,10.539212,9.290236,8.997999
EFT:5.3913655,2.3372338,12.504964,4.316277,19.498701,15.820422,5.0092726,10.539211,9.290236,8.998
Random163
Raw:5.391365,2.337234,12.504953,4.3162746,19.498693,15.82041,5.0092688,10.5392065,9.290232,8.997995
EFT:5.391366,2.3372338,12.504963,4.316277,19.498701,15.820422,5.0092726,10.539211,9.290236,8.998
Random164
Raw:5.391364,2.337236,12.504961,4.3162766,19.4987,15.820418,5.009272,10.539209,9.2902355,8.997999
EFT:5.391366,2.3372338,12.504963,4.316277,19.498701,15.820422,5.0092726,10.539211,9.290236,8.998
Random165
Raw:5.391364,2.3372355,12.504963,4.3162766,19.498703,15.820419,5.0092716,10.53921,9.290235,8.997999
EFT:5.391366,2.3372338,12.504964,4.316277,19.498701,15.820422,5.0092726,10.539211,9.290236,8.998
Random166
Raw:5.391364,2.337233,12.504961,4.3162756,19.498697,15.8204155,5.0092754,10.539207,9.290233,8.997996
EFT:5.391366,2.3372338,12.504964,4.316277,19.498701,15.820422,5.0092726,10.539211,9.290236,8.998
Random167
Raw:5.391366,2.337235,12.504961,4.316276,19.498701,15.820419,5.0092716,10.53921,9.290235,8.997997
EFT:5.391366,2.3372338,12.504964,4.316277,19.498701,15.820422,5.0092726,10.539211,9.290236,8.998
Random168
Raw:5.391366,2.3372338,12.504961,4.316276,19.4987,15.820417,5.009272,10.539207,9.290234,8.997997
EFT:5.391366,2.3372338,12.504964,4.316277,19.498701,15.820422,5.0092726,10.539211,9.290236,8.998
Random169
Raw:5.391366,2.3372345,12.504961,4.3162756,19.4987,15.8204155,5.0092707,10.539209,9.290235,8.997998
EFT:5.3913655,2.3372338,12.504963,4.316277,19.498701,15.820422,5.0092726,10.539211,9.290236,8.998
Random170
Raw:5.391364,2.337233,12.504959,4.3162756,19.4987,15.820414,5.009271,10.5392065,9.290234,8.997996
EFT:5.391366,2.3372338,12.504963,4.316277,19.498701,15.820422,5.0092726,10.539211,9.290236,8.998
Random171
Raw:5.391367,2.337236,12.504965,4.3162766,19.498709,15.82042,5.0092735,10.539211,9.290236,8.998001
EFT:5.391366,2.3372338,12.504964,4.316277,19.498701,15.820422,5.0092726,10.539211,9.290236,8.998
Random172
Raw:5.391364,2.3372345,12.504961,4.316277,19.498701,15.820418,5.0092716,10.539209,9.290235,8.997997
EFT:5.3913655,2.3372338,12.504963,4.316277,19.498701,15.820422,5.0092726,10.539211,9.290236,8.998
Random173
Raw:5.391367,2.3372357,12.504961,4.3162756,19.4987,15.820417,5.009271,10.539208,9.290235,8.997998
EFT:5.391366,2.3372338,12.504963,4.316277,19.498701,15.820422,5.0092726,10.539211,9.290236,8.998
Random174
Raw:5.391366,2.337236,12.504967,4.3162775,19.498707,15.82042,5.0092745,10.539212,9.2902355,8.998
EFT:5.3913655,2.3372338,12.504963,4.316277,19.498701,15.820422,5.0092726,10.539211,9.290236,8.998
Random175
Raw:5.391365,2.3372345,12.504961,4.3162766,19.498703,15.820419,5.009271,10.539209,9.290235,8.997997
EFT:5.3913655,2.3372338,12.504963,4.316277,19.498701,15.820422,5.0092726,10.539211,9.290236,8.998
Random176
Raw:5.391366,2.337236,12.504967,4.3162785,19.498709,15.820421,5.0092735,10.539213,9.290237,8.998002
EFT:5.3913655,2.3372338,12.504963,4.316277,19.498701,15.820422,5.0092726,10.539211,9.290236,8.998
Random177
Raw:5.391363,2.3372355,12.504961,4.316277,19.498701,15.820417,5.0092716,10.539209,9.2902355,8.997999
EFT:5.391366,2.3372338,12.504964,4.316277,19.498701,15.820422,5.0092726,10.539211,9.290236,8.998
Random178
Raw:5.391365,2.337233,12.504963,4.3162766,19.498703,15.820422,5.0092726,10.539212,9.2902355,8.998
EFT:5.391366,2.3372338,12.504963,4.316277,19.498701,15.820422,5.0092726,10.539211,9.290236,8.998
Random179
Raw:5.391366,2.3372355,12.504965,4.316278,19.49871,15.82042,5.0092754,10.539213,9.290237,8.998002
EFT:5.391366,2.3372338,12.504963,4.316277,19.498701,15.820422,5.0092726,10.539211,9.290236,8.998
Random180
Raw:5.391366,2.337236,12.504965,4.3162775,19.498707,15.820421,5.0092726,10.539211,9.290235,8.998001
EFT:5.391366,2.3372338,12.504964,4.316277,19.498701,15.820422,5.0092726,10.539211,9.290236,8.998
Random181
Raw:5.391365,2.3372338,12.504959,4.316275,19.498695,15.820417,5.0092697,10.539208,9.290235,8.997997
EFT:5.391366,2.3372338,12.504964,4.316277,19.498701,15.820422,5.0092726,10.539211,9.290236,8.998
Random182
Raw:5.391366,2.337233,12.504961,4.316275,19.4987,15.820416,5.0092707,10.539209,9.290235,8.997998
EFT:5.3913655,2.3372338,12.504964,4.316277,19.498701,15.820422,5.0092726,10.539211,9.290236,8.998
Random183
Raw:5.391365,2.3372338,12.504963,4.316277,19.498701,15.820421,5.0092726,10.539211,9.290236,8.998
EFT:5.391366,2.3372338,12.504963,4.316277,19.498701,15.820422,5.0092726,10.539211,9.290236,8.998
Random184
Raw:5.391367,2.337234,12.504959,4.3162756,19.4987,15.820416,5.0092707,10.539208,9.290235,8.997998
EFT:5.391366,2.3372338,12.504964,4.316277,19.498701,15.820422,5.0092726,10.539211,9.290236,8.998
Random185
Raw:5.391364,2.3372338,12.504955,4.316274,19.498695,15.820412,5.0092697,10.5392065,9.290232,8.997995
EFT:5.391366,2.3372338,12.504963,4.316277,19.498701,15.820422,5.0092726,10.539211,9.290236,8.998
Random186
Raw:5.391366,2.3372364,12.504965,4.3162775,19.498709,15.82042,5.0092735,10.539213,9.2902355,8.998
EFT:5.391366,2.3372338,12.504964,4.316277,19.498701,15.820422,5.0092726,10.539211,9.290236,8.998
Random187
Raw:5.391366,2.3372352,12.504961,4.316276,19.4987,15.820417,5.0092716,10.539209,9.290235,8.997998
EFT:5.3913655,2.3372338,12.504963,4.316277,19.498701,15.820422,5.0092726,10.539211,9.290236,8.998
Random188
Raw:5.391365,2.337236,12.504965,4.3162775,19.498707,15.820421,5.0092735,10.539214,9.2902355,8.998001
EFT:5.3913655,2.3372338,12.504963,4.316277,19.498701,15.820422,5.0092726,10.539211,9.290236,8.998
Random189
Raw:5.391366,2.337236,12.504967,4.316278,19.498709,15.820423,5.0092735,10.539215,9.290236,8.998002
EFT:5.391366,2.3372338,12.504963,4.316277,19.498701,15.820422,5.0092726,10.539211,9.290236,8.998
Random190
Raw:5.391365,2.3372345,12.504963,4.316277,19.498703,15.820421,5.009272,10.539212,9.2902355,8.998
EFT:5.391366,2.3372338,12.504964,4.316277,19.498701,15.820422,5.0092726,10.539211,9.290236,8.998
Random191
Raw:5.391365,2.337235,12.504961,4.3162766,19.498701,15.82042,5.0092716,10.53921,9.2902355,8.997998
EFT:5.3913655,2.3372338,12.504964,4.316277,19.498701,15.820422,5.0092726,10.539211,9.290236,8.998
Random192
Raw:5.391367,2.3372335,12.504965,4.316277,19.498703,15.820423,5.0092716,10.53921,9.290236,8.998
EFT:5.391366,2.3372338,12.504963,4.316277,19.498701,15.820422,5.0092726,10.539211,9.290236,8.998
Random193
Raw:5.391364,2.3372345,12.504961,4.316276,19.4987,15.820419,5.009271,10.539208,9.290234,8.997999
EFT:5.391366,2.3372338,12.504963,4.316277,19.498701,15.820422,5.0092726,10.539211,9.290236,8.998
Random194
Raw:5.391367,2.3372347,12.504959,4.3162756,19.4987,15.820416,5.0092707,10.5392065,9.290235,8.997997
EFT:5.391366,2.3372338,12.504964,4.316277,19.498701,15.820422,5.0092726,10.539211,9.290236,8.998
Random195
Raw:5.391365,2.3372335,12.504959,4.316274,19.498693,15.820413,5.00927,10.539207,9.290233,8.997996
EFT:5.391366,2.3372338,12.504963,4.316277,19.498701,15.820422,5.0092726,10.539211,9.290236,8.998
Random196
Raw:5.391366,2.3372345,12.504963,4.3162775,19.498703,15.82042,5.009272,10.539211,9.290236,8.998
EFT:5.391366,2.3372338,12.504964,4.316277,19.498701,15.820422,5.0092726,10.539211,9.290236,8.998
Random197
Raw:5.391364,2.3372355,12.504959,4.3162766,19.498701,15.820418,5.0092716,10.53921,9.290235,8.997999
EFT:5.391366,2.3372338,12.504964,4.316277,19.498701,15.820422,5.0092726,10.539211,9.290236,8.998
Random198
Raw:5.391364,2.3372374,12.504967,4.3162785,19.498716,15.820425,5.0092735,10.539215,9.290237,8.998003
EFT:5.391366,2.3372338,12.504963,4.316277,19.498701,15.820422,5.0092726,10.539211,9.290236,8.998
Random199
Raw:5.391365,2.3372328,12.504963,4.316277,19.498701,15.820423,5.0092726,10.539211,9.290236,8.998
EFT:5.391366,2.3372338,12.504963,4.316277,19.498701,15.820422,5.0092726,10.539211,9.290236,8.998
Random200
Raw:5.391366,2.337235,12.504963,4.3162766,19.498703,15.820417,5.0092716,10.53921,9.290235,8.997999
EFT:5.3913655,2.3372338,12.504963,4.316277,19.498701,15.820422,5.0092726,10.539211,9.290236,8.998
Random201
Raw:5.391367,2.3372347,12.504961,4.3162756,19.4987,15.8204155,5.0092716,10.539209,9.290235,8.997998
EFT:5.391366,2.3372338,12.504963,4.316277,19.498701,15.820422,5.0092726,10.539211,9.290236,8.998
Random202
Raw:5.391366,2.337234,12.504961,4.316277,19.498701,15.820419,5.00927,10.539211,9.290235,8.997997
EFT:5.391366,2.3372338,12.504964,4.316277,19.498701,15.820422,5.0092726,10.539211,9.290236,8.998
Random203
Raw:5.391365,2.3372335,12.504957,4.316274,19.498692,15.820414,5.0092707,10.539206,9.290233,8.997995
EFT:5.391366,2.3372338,12.504963,4.316277,19.498701,15.820422,5.0092726,10.539211,9.290236,8.998
Random204
Raw:5.391367,2.3372355,12.504967,4.3162785,19.498707,15.820424,5.0092735,10.539213,9.290237,8.998003
EFT:5.391366,2.3372338,12.504963,4.316277,19.498701,15.820422,5.0092726,10.539211,9.290236,8.998
Random205
Raw:5.391365,2.3372335,12.504961,4.3162766,19.498703,15.820419,5.0092716,10.539211,9.2902355,8.997998
EFT:5.391366,2.3372338,12.504964,4.316277,19.498701,15.820422,5.0092726,10.539211,9.290236,8.998
Random206
Raw:5.391364,2.337234,12.504963,4.316277,19.498703,15.820417,5.009272,10.539211,9.290235,8.997999
EFT:5.3913655,2.3372338,12.504964,4.316277,19.498701,15.820422,5.0092726,10.539211,9.290236,8.998
Random207
Raw:5.391363,2.3372355,12.504963,4.3162756,19.4987,15.820415,5.0092716,10.539206,9.290235,8.997997
EFT:5.391366,2.3372338,12.504963,4.316277,19.498701,15.820422,5.0092726,10.539211,9.290236,8.998
Random208
Raw:5.391366,2.3372326,12.504961,4.316277,19.498701,15.820423,5.009272,10.539213,9.290236,8.998
EFT:5.391366,2.3372338,12.504963,4.316277,19.498701,15.820422,5.0092726,10.539211,9.290236,8.998
Random209
Raw:5.391365,2.3372326,12.504963,4.316277,19.498703,15.820422,5.0092726,10.539209,9.290236,8.998001
EFT:5.3913655,2.3372338,12.504963,4.316277,19.498701,15.820422,5.0092726,10.539211,9.290236,8.998
Random210
Raw:5.391367,2.3372333,12.504963,4.316277,19.498703,15.820423,5.0092716,10.539211,9.290236,8.998001
EFT:5.391366,2.3372338,12.504964,4.316277,19.498701,15.820422,5.0092726,10.539211,9.290236,8.998
Random211
Raw:5.391366,2.337234,12.504963,4.316276,19.498701,15.820419,5.0092716,10.539212,9.2902355,8.997999
EFT:5.3913655,2.3372338,12.504963,4.316277,19.498701,15.820422,5.0092726,10.539211,9.290236,8.998
Random212
Raw:5.391366,2.337236,12.504965,4.3162775,19.498707,15.820421,5.0092735,10.539212,9.2902355,8.998
EFT:5.391366,2.3372338,12.504964,4.316277,19.498701,15.820422,5.0092726,10.539211,9.290236,8.998
Random213
Raw:5.391365,2.3372333,12.504963,4.316277,19.498703,15.820422,5.009272,10.539211,9.2902355,8.998
EFT:5.391366,2.3372338,12.504964,4.316277,19.498701,15.820422,5.0092726,10.539211,9.290236,8.998
Random214
Raw:5.391364,2.3372355,12.504955,4.316274,19.498695,15.820412,5.0092697,10.539206,9.290232,8.997995
EFT:5.391366,2.3372338,12.504964,4.316277,19.498701,15.820422,5.0092726,10.539211,9.290236,8.998
Random215
Raw:5.391367,2.3372355,12.504961,4.3162766,19.498701,15.820417,5.0092716,10.539211,9.2902355,8.997999
EFT:5.391366,2.3372338,12.504964,4.316277,19.498701,15.820422,5.0092726,10.539211,9.290236,8.998
Random216
Raw:5.391365,2.3372345,12.504961,4.3162766,19.498703,15.82042,5.009272,10.53921,9.2902355,8.997999
EFT:5.391366,2.3372338,12.504963,4.316277,19.498701,15.820422,5.0092726,10.539211,9.290236,8.998
Random217
Raw:5.391366,2.3372345,12.504965,4.3162766,19.498701,15.820421,5.0092726,10.539211,9.2902355,8.997999
EFT:5.391366,2.3372338,12.504963,4.316277,19.498701,15.820422,5.0092726,10.539211,9.290236,8.998
Random218
Raw:5.391364,2.3372355,12.504961,4.316277,19.498701,15.82042,5.0092716,10.539209,9.2902355,8.997999
EFT:5.3913655,2.3372338,12.504963,4.316277,19.498701,15.820422,5.0092726,10.539211,9.290236,8.998
Random219
Raw:5.391365,2.3372355,12.504961,4.316275,19.498703,15.8204155,5.0092726,10.539209,9.290235,8.997997
EFT:5.391366,2.3372338,12.504963,4.316277,19.498701,15.820422,5.0092726,10.539211,9.290236,8.998
Random220
Raw:5.391365,2.337234,12.504961,4.3162766,19.498701,15.820419,5.0092716,10.53921,9.290235,8.997999
EFT:5.391366,2.3372338,12.504963,4.316277,19.498701,15.820422,5.0092726,10.539211,9.290236,8.998
Random221
Raw:5.391365,2.3372345,12.504963,4.3162766,19.498707,15.820419,5.0092716,10.539209,9.2902355,8.997999
EFT:5.391366,2.3372338,12.504964,4.316277,19.498701,15.820422,5.0092726,10.539211,9.290236,8.998
Random222
Raw:5.391367,2.337233,12.504961,4.3162756,19.498697,15.820417,5.0092707,10.539209,9.290234,8.997997
EFT:5.391366,2.3372338,12.504963,4.316277,19.498701,15.820422,5.0092726,10.539211,9.290236,8.998
Random223
Raw:5.391363,2.337234,12.504959,4.316276,19.4987,15.820416,5.0092726,10.539206,9.290235,8.997995
EFT:5.391366,2.3372338,12.504964,4.316277,19.498701,15.820422,5.0092726,10.539211,9.290236,8.998
Random224
Raw:5.391368,2.337235,12.504963,4.3162766,19.498701,15.820419,5.009271,10.53921,9.2902355,8.997999
EFT:5.391366,2.3372338,12.504963,4.316277,19.498701,15.820422,5.0092726,10.539211,9.290236,8.998
Random225
Raw:5.391366,2.337235,12.504963,4.316277,19.498703,15.820422,5.0092716,10.539211,9.2902355,8.998
EFT:5.391366,2.3372338,12.504963,4.316277,19.498701,15.820422,5.0092726,10.539211,9.290236,8.998
Random226
Raw:5.391366,2.337234,12.504963,4.3162766,19.498703,15.820422,5.0092716,10.539212,9.290235,8.997999
EFT:5.391366,2.3372338,12.504963,4.316277,19.498701,15.820422,5.0092726,10.539211,9.290236,8.998
Random227
Raw:5.391364,2.3372345,12.504961,4.316277,19.498701,15.820417,5.0092726,10.53921,9.290235,8.997999
EFT:5.3913655,2.3372338,12.504963,4.316277,19.498701,15.820422,5.0092726,10.539211,9.290236,8.998
Random228
Raw:5.391366,2.3372357,12.504961,4.316276,19.4987,15.820417,5.0092716,10.539208,9.290235,8.997997
EFT:5.3913655,2.3372338,12.504964,4.316277,19.498701,15.820422,5.0092726,10.539211,9.290236,8.998
Random229
Raw:5.391366,2.337235,12.504959,4.3162756,19.4987,15.820417,5.0092707,10.539207,9.290235,8.997997
EFT:5.3913655,2.3372338,12.504963,4.316277,19.498701,15.820422,5.0092726,10.539211,9.290236,8.998
Random230
Raw:5.391365,2.337235,12.504961,4.3162766,19.498703,15.820417,5.0092716,10.53921,9.290235,8.997998
EFT:5.391366,2.3372338,12.504963,4.316277,19.498701,15.820422,5.0092726,10.539211,9.290236,8.998
Random231
Raw:5.391369,2.3372343,12.504961,4.3162766,19.498701,15.820419,5.0092726,10.539211,9.290236,8.997999
EFT:5.391366,2.3372338,12.504964,4.316277,19.498701,15.820422,5.0092726,10.539211,9.290236,8.998
Random232
Raw:5.391364,2.337232,12.504961,4.3162766,19.498701,15.820418,5.0092716,10.539209,9.2902355,8.997999
EFT:5.391366,2.3372338,12.504963,4.316277,19.498701,15.820422,5.0092726,10.539211,9.290236,8.998
Random233
Raw:5.391368,2.3372364,12.504963,4.3162775,19.498709,15.820422,5.0092735,10.539211,9.290236,8.998001
EFT:5.3913655,2.3372338,12.504963,4.316277,19.498701,15.820422,5.0092726,10.539211,9.290236,8.998
Random234
Raw:5.391364,2.3372333,12.504961,4.3162766,19.498695,15.820416,5.0092726,10.539205,9.290233,8.997997
EFT:5.391366,2.3372338,12.504963,4.316277,19.498701,15.820422,5.0092726,10.539211,9.290236,8.998
Random235
Raw:5.391363,2.337234,12.504961,4.3162766,19.498703,15.820418,5.009271,10.539209,9.290235,8.997999
EFT:5.3913655,2.3372338,12.504963,4.316277,19.498701,15.820422,5.0092726,10.539211,9.290236,8.998
Random236
Raw:5.391365,2.3372355,12.504967,4.316278,19.49871,15.820423,5.0092735,10.539213,9.290237,8.998001
EFT:5.391366,2.3372338,12.504964,4.316277,19.498701,15.820422,5.0092726,10.539211,9.290236,8.998
Random237
Raw:5.391366,2.3372362,12.504969,4.316279,19.498713,15.820425,5.009276,10.539215,9.290239,8.998005
EFT:5.391366,2.3372338,12.504963,4.316277,19.498701,15.820422,5.0092726,10.539211,9.290236,8.998
Random238
Raw:5.391367,2.3372345,12.504961,4.3162766,19.498703,15.820421,5.009272,10.539211,9.290234,8.998
EFT:5.391366,2.3372338,12.504964,4.316277,19.498701,15.820422,5.0092726,10.539211,9.290236,8.998
Random239
Raw:5.391366,2.3372352,12.504959,4.3162756,19.4987,15.820416,5.0092707,10.539209,9.290234,8.997999
EFT:5.391366,2.3372338,12.504964,4.316277,19.498701,15.820422,5.0092726,10.539211,9.290236,8.998
Random240
Raw:5.391366,2.3372343,12.504961,4.3162766,19.4987,15.820417,5.0092716,10.539208,9.290235,8.997997
EFT:5.3913655,2.3372338,12.504964,4.316277,19.498701,15.820422,5.0092726,10.539211,9.290236,8.998
Random241
Raw:5.391364,2.3372345,12.504961,4.316277,19.498703,15.820419,5.009271,10.539211,9.2902355,8.997999
EFT:5.391366,2.3372338,12.504964,4.316277,19.498701,15.820422,5.0092726,10.539211,9.290236,8.998
Random242
Raw:5.391365,2.337233,12.504961,4.3162775,19.4987,15.820422,5.0092716,10.539211,9.290237,8.998001
EFT:5.3913655,2.3372338,12.504964,4.316277,19.498701,15.820422,5.0092726,10.539211,9.290236,8.998
Random243
Raw:5.391364,2.337236,12.504965,4.3162775,19.498707,15.82042,5.0092735,10.539212,9.2902355,8.998001
EFT:5.391366,2.3372338,12.504963,4.316277,19.498701,15.820422,5.0092726,10.539211,9.290236,8.998
Random244
Raw:5.391365,2.3372345,12.504963,4.316279,19.498703,15.820422,5.0092726,10.53921,9.290236,8.998
EFT:5.3913655,2.3372338,12.504964,4.316277,19.498701,15.820422,5.0092726,10.539211,9.290236,8.998
Random245
Raw:5.391365,2.3372338,12.504963,4.316277,19.498703,15.820423,5.009272,10.539211,9.290236,8.998
EFT:5.391366,2.3372338,12.504964,4.316277,19.498701,15.820422,5.0092726,10.539211,9.290236,8.998
Random246
Raw:5.391366,2.337235,12.504961,4.3162756,19.4987,15.820414,5.0092707,10.539207,9.2902355,8.997998
EFT:5.391366,2.3372338,12.504964,4.316277,19.498701,15.820422,5.0092726,10.539211,9.290236,8.998
Random247
Raw:5.391364,2.3372335,12.504959,4.3162756,19.4987,15.8204155,5.009272,10.539207,9.290233,8.997997
EFT:5.391366,2.3372338,12.504963,4.316277,19.498701,15.820422,5.0092726,10.539211,9.290236,8.998
Random248
Raw:5.391366,2.3372335,12.504961,4.3162756,19.4987,15.82042,5.0092726,10.539207,9.290235,8.997997
EFT:5.391366,2.3372338,12.504963,4.316277,19.498701,15.820422,5.0092726,10.539211,9.290236,8.998
Random249
Raw:5.391364,2.3372345,12.504961,4.3162766,19.498703,15.820419,5.0092726,10.53921,9.2902355,8.997999
EFT:5.391366,2.3372338,12.504963,4.316277,19.498701,15.820422,5.0092726,10.539211,9.290236,8.998
Random250
Raw:5.391365,2.337235,12.504961,4.316277,19.498703,15.820418,5.0092707,10.539211,9.2902355,8.997998
EFT:5.391366,2.3372338,12.504963,4.316277,19.498701,15.820422,5.0092726,10.539211,9.290236,8.998
Random251
Raw:5.391368,2.3372364,12.504965,4.3162775,19.498705,15.820422,5.0092735,10.539211,9.2902355,8.998
EFT:5.391366,2.3372338,12.504964,4.316277,19.498701,15.820422,5.0092726,10.539211,9.290236,8.998
Random252
Raw:5.391366,2.3372364,12.504963,4.3162775,19.498705,15.82042,5.0092726,10.539212,9.2902355,8.998
EFT:5.391366,2.3372338,12.504963,4.316277,19.498701,15.820422,5.0092726,10.539211,9.290236,8.998
Random253
Raw:5.391367,2.3372335,12.504963,4.316277,19.498703,15.820421,5.0092726,10.539211,9.290236,8.997999
EFT:5.3913655,2.3372338,12.504963,4.316277,19.498701,15.820422,5.0092726,10.539211,9.290236,8.998
Random254
Raw:5.391366,2.3372357,12.504967,4.3162775,19.498705,15.82042,5.009274,10.539212,9.2902355,8.998001
EFT:5.391366,2.3372338,12.504964,4.316277,19.498701,15.820422,5.0092726,10.539211,9.290236,8.998
Random255
Raw:5.391364,2.337236,12.504967,4.3162766,19.498707,15.820419,5.0092754,10.539212,9.2902355,8.998
EFT:5.3913655,2.3372338,12.504964,4.316277,19.498701,15.820422,5.0092726,10.539211,9.290236,8.998
Random256
Raw:5.391365,2.3372343,12.504963,4.316277,19.498703,15.820421,5.0092726,10.53921,9.2902355,8.998
EFT:5.391366,2.3372338,12.504964,4.316277,19.498701,15.820422,5.0092726,10.539211,9.290236,8.998
Random257
Raw:5.391367,2.3372345,12.504959,4.3162756,19.4987,15.820417,5.00927,10.539209,9.2902355,8.997998
EFT:5.3913655,2.3372338,12.504964,4.316277,19.498701,15.820422,5.0092726,10.539211,9.290236,8.998
Random258
Raw:5.391366,2.337235,12.504961,4.316276,19.4987,15.820416,5.00927,10.539209,9.290234,8.997997
EFT:5.391366,2.3372338,12.504964,4.316277,19.498701,15.820422,5.0092726,10.539211,9.290236,8.998
Random259
Raw:5.391365,2.3372335,12.504963,4.316277,19.498701,15.820422,5.0092716,10.539211,9.290236,8.998
EFT:5.391366,2.3372338,12.504963,4.316277,19.498701,15.820422,5.0092726,10.539211,9.290236,8.998
Random260
Raw:5.391366,2.337237,12.504965,4.316278,19.498707,15.820421,5.009274,10.539213,9.290237,8.998002
EFT:5.391366,2.3372338,12.504964,4.316277,19.498701,15.820422,5.0092726,10.539211,9.290236,8.998
Random261
Raw:5.391365,2.3372366,12.504965,4.316277,19.498707,15.820419,5.0092735,10.539211,9.2902355,8.997999
EFT:5.391366,2.3372338,12.504963,4.316277,19.498701,15.820422,5.0092726,10.539211,9.290236,8.998
Random262
Raw:5.391365,2.3372335,12.504963,4.316277,19.498703,15.820421,5.009273,10.539212,9.290236,8.998001
EFT:5.391366,2.3372338,12.504963,4.316277,19.498701,15.820422,5.0092726,10.539211,9.290236,8.998
Random263
Raw:5.391366,2.337235,12.504959,4.316276,19.498703,15.820417,5.009271,10.539207,9.290234,8.997998
EFT:5.3913655,2.3372338,12.504963,4.316277,19.498701,15.820422,5.0092726,10.539211,9.290236,8.998
Random264
Raw:5.391364,2.3372355,12.504961,4.316277,19.498703,15.820419,5.0092716,10.539209,9.290235,8.997999
EFT:5.391366,2.3372338,12.504963,4.316277,19.498701,15.820422,5.0092726,10.539211,9.290236,8.998
Random265
Raw:5.391366,2.3372345,12.504963,4.3162775,19.498703,15.820423,5.0092726,10.539212,9.290235,8.997999
EFT:5.3913655,2.3372338,12.504963,4.316277,19.498701,15.820422,5.0092726,10.539211,9.290236,8.998
Random266
Raw:5.391364,2.337234,12.504961,4.316277,19.498703,15.820419,5.0092726,10.53921,9.2902355,8.997997
EFT:5.391366,2.3372338,12.504963,4.316277,19.498701,15.820422,5.0092726,10.539211,9.290236,8.998
Random267
Raw:5.391364,2.3372338,12.504963,4.3162766,19.498701,15.820423,5.0092726,10.539211,9.290236,8.998
EFT:5.391366,2.3372338,12.504964,4.316277,19.498701,15.820422,5.0092726,10.539211,9.290236,8.998
Random268
Raw:5.391364,2.3372335,12.504961,4.3162766,19.4987,15.820419,5.0092716,10.539209,9.2902355,8.997999
EFT:5.391366,2.3372338,12.504963,4.316277,19.498701,15.820422,5.0092726,10.539211,9.290236,8.998
Random269
Raw:5.391367,2.3372366,12.504965,4.316277,19.498707,15.82042,5.009274,10.539211,9.2902355,8.997999
EFT:5.391366,2.3372338,12.504964,4.316277,19.498701,15.820422,5.0092726,10.539211,9.290236,8.998
Random270
Raw:5.391365,2.3372352,12.504963,4.316277,19.498703,15.820421,5.0092726,10.539211,9.290236,8.998
EFT:5.3913655,2.3372338,12.504963,4.316277,19.498701,15.820422,5.0092726,10.539211,9.290236,8.998
Random271
Raw:5.391367,2.337234,12.504963,4.3162766,19.498705,15.820421,5.0092707,10.53921,9.290236,8.998001
EFT:5.391366,2.3372338,12.504964,4.316277,19.498701,15.820422,5.0092726,10.539211,9.290236,8.998
Random272
Raw:5.391365,2.337234,12.504961,4.316277,19.498701,15.820418,5.0092716,10.539211,9.2902355,8.997999
EFT:5.391366,2.3372338,12.504964,4.316277,19.498701,15.820422,5.0092726,10.539211,9.290236,8.998
Random273
Raw:5.391371,2.337235,12.504961,4.3162746,19.498701,15.820419,5.0092707,10.539209,9.290235,8.997998
EFT:5.3913655,2.3372338,12.504964,4.316277,19.498701,15.820422,5.0092726,10.539211,9.290236,8.998
Random274
Raw:5.391365,2.337236,12.504963,4.3162775,19.498703,15.82042,5.009273,10.539212,9.290235,8.998
EFT:5.3913655,2.3372338,12.504964,4.316277,19.498701,15.820422,5.0092726,10.539211,9.290236,8.998
Random275
Raw:5.391366,2.3372335,12.504963,4.3162766,19.498701,15.820422,5.0092726,10.539211,9.2902355,8.998001
EFT:5.391366,2.3372338,12.504963,4.316277,19.498701,15.820422,5.0092726,10.539211,9.290236,8.998
Random276
Raw:5.391365,2.3372338,12.504963,4.316278,19.498703,15.820421,5.0092716,10.539211,9.290237,8.998
EFT:5.3913655,2.3372338,12.504964,4.316277,19.498701,15.820422,5.0092726,10.539211,9.290236,8.998
Random277
Raw:5.391363,2.3372345,12.504963,4.316277,19.498701,15.820424,5.0092726,10.539209,9.290236,8.998
EFT:5.391366,2.3372338,12.504963,4.316277,19.498701,15.820422,5.0092726,10.539211,9.290236,8.998
Random278
Raw:5.391364,2.3372343,12.504961,4.3162766,19.498701,15.820417,5.009271,10.539211,9.290235,8.997998
EFT:5.3913655,2.3372338,12.504964,4.316277,19.498701,15.820422,5.0092726,10.539211,9.290236,8.998
Random279
Raw:5.391366,2.3372345,12.504961,4.3162766,19.498701,15.820419,5.0092716,10.539211,9.2902355,8.997999
EFT:5.391366,2.3372338,12.504964,4.316277,19.498701,15.820422,5.0092726,10.539211,9.290236,8.998
Random280
Raw:5.391366,2.337232,12.504959,4.316276,19.4987,15.820417,5.0092707,10.539209,9.290234,8.997997
EFT:5.391366,2.3372338,12.504963,4.316277,19.498701,15.820422,5.0092726,10.539211,9.290236,8.998
Random281
Raw:5.39137,2.3372335,12.504961,4.3162756,19.4987,15.820417,5.0092707,10.539207,9.290234,8.997998
EFT:5.391366,2.3372338,12.504963,4.316277,19.498701,15.820422,5.0092726,10.539211,9.290236,8.998
Random282
Raw:5.391365,2.337235,12.504963,4.3162766,19.498703,15.820422,5.0092726,10.53921,9.290236,8.998
EFT:5.391366,2.3372338,12.504964,4.316277,19.498701,15.820422,5.0092726,10.539211,9.290236,8.998
Random283
Raw:5.391365,2.3372345,12.504961,4.3162766,19.498705,15.820419,5.0092716,10.539211,9.290235,8.997999
EFT:5.391366,2.3372338,12.504963,4.316277,19.498701,15.820422,5.0092726,10.539211,9.290236,8.998
Random284
Raw:5.391366,2.337235,12.504961,4.3162756,19.4987,15.8204155,5.0092707,10.539209,9.290234,8.997998
EFT:5.391366,2.3372338,12.504963,4.316277,19.498701,15.820422,5.0092726,10.539211,9.290236,8.998
Random285
Raw:5.391364,2.3372335,12.504957,4.3162766,19.4987,15.820417,5.0092726,10.5392065,9.290235,8.997997
EFT:5.391366,2.3372338,12.504964,4.316277,19.498701,15.820422,5.0092726,10.539211,9.290236,8.998
Random286
Raw:5.391364,2.3372362,12.504961,4.3162766,19.498703,15.820419,5.009271,10.539209,9.290235,8.997999
EFT:5.391366,2.3372338,12.504964,4.316277,19.498701,15.820422,5.0092726,10.539211,9.290236,8.998
Random287
Raw:5.391369,2.3372355,12.504961,4.316276,19.498695,15.820419,5.0092707,10.53921,9.290235,8.997997
EFT:5.3913655,2.3372338,12.504963,4.316277,19.498701,15.820422,5.0092726,10.539211,9.290236,8.998
Random288
Raw:5.391367,2.3372345,12.504961,4.316276,19.498701,15.820416,5.009271,10.539208,9.290235,8.997998
EFT:5.391366,2.3372338,12.504964,4.316277,19.498701,15.820422,5.0092726,10.539211,9.290236,8.998
Random289
Raw:5.391365,2.3372357,12.504959,4.3162766,19.498703,15.820419,5.0092716,10.539209,9.290235,8.997998
EFT:5.3913655,2.3372338,12.504963,4.316277,19.498701,15.820422,5.0092726,10.539211,9.290236,8.998
Random290
Raw:5.391364,2.337234,12.504965,4.316277,19.498701,15.820425,5.009272,10.539211,9.290236,8.998
EFT:5.391366,2.3372338,12.504963,4.316277,19.498701,15.820422,5.0092726,10.539211,9.290236,8.998
Random291
Raw:5.391365,2.3372333,12.504963,4.3162766,19.498701,15.820421,5.0092716,10.539212,9.290236,8.998
EFT:5.391366,2.3372338,12.504963,4.316277,19.498701,15.820422,5.0092726,10.539211,9.290236,8.998
Random292
Raw:5.391365,2.3372335,12.504963,4.316277,19.498701,15.820423,5.0092716,10.53921,9.290236,8.997999
EFT:5.3913655,2.3372338,12.504964,4.316277,19.498701,15.820422,5.0092726,10.539211,9.290236,8.998
Random293
Raw:5.391366,2.337233,12.504961,4.3162756,19.4987,15.8204155,5.009272,10.539207,9.290233,8.997996
EFT:5.391366,2.3372338,12.504964,4.316277,19.498701,15.820422,5.0092726,10.539211,9.290236,8.998
Random294
Raw:5.391365,2.3372326,12.504963,4.316277,19.498705,15.820421,5.009273,10.53921,9.290237,8.998
EFT:5.391366,2.3372338,12.504963,4.316277,19.498701,15.820422,5.0092726,10.539211,9.290236,8.998
Random295
Raw:5.391364,2.3372333,12.504963,4.316277,19.498703,15.820422,5.009273,10.539213,9.290236,8.997999
EFT:5.391366,2.3372338,12.504963,4.316277,19.498701,15.820422,5.0092726,10.539211,9.290236,8.998
Random296
Raw:5.391363,2.3372338,12.504959,4.316276,19.4987,15.820416,5.0092716,10.539207,9.290234,8.997997
EFT:5.3913655,2.3372338,12.504964,4.316277,19.498701,15.820422,5.0092726,10.539211,9.290236,8.998
Random297
Raw:5.391366,2.337236,12.504965,4.3162775,19.498705,15.820421,5.0092735,10.539213,9.2902355,8.997999
EFT:5.391366,2.3372338,12.504964,4.316277,19.498701,15.820422,5.0092726,10.539211,9.290236,8.998
Random298
Raw:5.391367,2.3372345,12.504959,4.3162756,19.4987,15.820417,5.0092707,10.539208,9.290235,8.997998
EFT:5.391366,2.3372338,12.504964,4.316277,19.498701,15.820422,5.0092726,10.539211,9.290236,8.998
Random299
Raw:5.391366,2.337237,12.504963,4.316277,19.498707,15.82042,5.0092735,10.539213,9.2902355,8.998001
EFT:5.391366,2.3372338,12.504963,4.316277,19.498701,15.820422,5.0092726,10.539211,9.290236,8.998
Random300
Raw:5.391364,2.3372352,12.504961,4.3162766,19.498701,15.820417,5.0092716,10.539209,9.2902355,8.997998
EFT:5.391366,2.3372338,12.504963,4.316277,19.498701,15.820422,5.0092726,10.539211,9.290236,8.998
