Ascend
Raw:6.414441921408271,-6.172739837536961,-1.3213414203013567,2.393437335075191,3.8114422421592504,9.06321875205766,17.522634590074727,-4.598917198915641,2.133567355475911,-12.059864816934612
EFT:6.414441921408271,-6.1727398375369615,-1.3213414203013567,2.393437335075191,3.8114422421592513,9.06321875205766,17.522634590074727,-4.598917198915643,2.1335673554759107,-12.059864816934612
Descend
Raw:6.414441921408271,-6.17273983753696,-1.321341420301355,2.393437335075191,3.8114422421592513,9.06321875205766,17.522634590074734,-4.598917198915643,2.1335673554759107,-12.059864816934612
EFT:6.414441921408271,-6.1727398375369615,-1.3213414203013567,2.393437335075191,3.8114422421592513,9.06321875205766,17.522634590074727,-4.598917198915644,2.1335673554759107,-12.059864816934612
Random1
Raw:6.41444192140827,-6.172739837536961,-1.321341420301358,2.3934373350751903,3.8114422421592513,9.06321875205766,17.522634590074727,-4.598917198915643,2.13356735547591,-12.059864816934612
EFT:6.414441921408271,-6.1727398375369615,-1.3213414203013567,2.393437335075191,3.8114422421592513,9.06321875205766,17.522634590074727,-4.598917198915643,2.1335673554759107,-12.059864816934612
Random2
Raw:6.41444192140827,-6.172739837536961,-1.3213414203013585,2.393437335075191,3.811442242159252,9.063218752057658,17.52263459007473,-4.598917198915642,2.13356735547591,-12.059864816934612
EFT:6.414441921408271,-6.1727398375369615,-1.3213414203013565,2.393437335075191,3.8114422421592513,9.06321875205766,17.522634590074727,-4.598917198915643,2.1335673554759107,-12.059864816934612
Random3
Raw:6.414441921408269,-6.172739837536961,-1.3213414203013611,2.3934373350751907,3.811442242159252,9.06321875205766,17.522634590074727,-4.598917198915643,2.1335673554759103,-12.059864816934612
EFT:6.414441921408271,-6.1727398375369615,-1.3213414203013567,2.393437335075191,3.8114422421592513,9.06321875205766,17.522634590074727,-4.598917198915643,2.1335673554759107,-12.059864816934612
Random4
Raw:6.414441921408269,-6.172739837536961,-1.3213414203013558,2.3934373350751903,3.8114422421592513,9.06321875205766,17.52263459007473,-4.598917198915644,2.1335673554759107,-12.059864816934612
EFT:6.414441921408271,-6.1727398375369615,-1.3213414203013567,2.393437335075191,3.8114422421592513,9.06321875205766,17.522634590074727,-4.598917198915643,2.1335673554759107,-12.059864816934612
Random5
Raw:6.414441921408271,-6.172739837536961,-1.3213414203013572,2.393437335075192,3.811442242159253,9.063218752057658,17.522634590074734,-4.598917198915645,2.1335673554759103,-12.059864816934612
EFT:6.414441921408271,-6.1727398375369615,-1.3213414203013567,2.393437335075191,3.8114422421592513,9.06321875205766,17.522634590074727,-4.598917198915643,2.1335673554759107,-12.059864816934612
Random6
Raw:6.41444192140827,-6.172739837536962,-1.3213414203013572,2.393437335075191,3.811442242159252,9.063218752057661,17.52263459007473,-4.598917198915645,2.1335673554759107,-12.059864816934612
EFT:6.414441921408271,-6.1727398375369615,-1.3213414203013565,2.393437335075191,3.8114422421592513,9.06321875205766,17.522634590074727,-4.598917198915644,2.1335673554759107,-12.059864816934612
Random7
Raw:6.414441921408271,-6.172739837536961,-1.3213414203013572,2.3934373350751894,3.811442242159255,9.06321875205766,17.52263459007473,-4.598917198915642,2.1335673554759116,-12.059864816934613
EFT:6.414441921408271,-6.1727398375369615,-1.3213414203013567,2.393437335075191,3.8114422421592513,9.06321875205766,17.522634590074727,-4.598917198915643,2.1335673554759107,-12.059864816934612
Random8
Raw:6.414441921408271,-6.1727398375369615,-1.3213414203013558,2.393437335075191,3.8114422421592513,9.06321875205766,17.522634590074734,-4.598917198915643,2.133567355475911,-12.059864816934612
EFT:6.414441921408271,-6.1727398375369615,-1.3213414203013567,2.393437335075191,3.8114422421592513,9.06321875205766,17.522634590074727,-4.598917198915643,2.1335673554759107,-12.059864816934612
Random9
Raw:6.41444192140827,-6.1727398375369615,-1.3213414203013565,2.3934373350751903,3.8114422421592513,9.06321875205766,17.522634590074727,-4.598917198915643,2.1335673554759116,-12.059864816934612
EFT:6.414441921408271,-6.1727398375369615,-1.3213414203013567,2.393437335075191,3.8114422421592513,9.06321875205766,17.522634590074727,-4.598917198915644,2.1335673554759107,-12.059864816934612
Random10
Raw:6.4144419214082715,-6.172739837536961,-1.3213414203013585,2.393437335075192,3.811442242159253,9.06321875205766,17.52263459007473,-4.598917198915644,2.1335673554759103,-12.059864816934612
EFT:6.414441921408271,-6.1727398375369615,-1.3213414203013567,2.393437335075191,3.8114422421592513,9.06321875205766,17.522634590074727,-4.598917198915644,2.1335673554759107,-12.059864816934612
Random11
Raw:6.414441921408269,-6.172739837536962,-1.3213414203013576,2.3934373350751943,3.811442242159252,9.06321875205766,17.522634590074727,-4.598917198915643,2.133567355475913,-12.059864816934612
EFT:6.414441921408271,-6.1727398375369615,-1.3213414203013567,2.393437335075191,3.8114422421592513,9.06321875205766,17.522634590074727,-4.598917198915643,2.1335673554759107,-12.059864816934612
Random12
Raw:6.414441921408269,-6.17273983753696,-1.321341420301355,2.3934373350751907,3.8114422421592504,9.06321875205766,17.52263459007473,-4.598917198915646,2.1335673554759094,-12.059864816934612
EFT:6.414441921408271,-6.1727398375369615,-1.3213414203013567,2.393437335075191,3.8114422421592513,9.06321875205766,17.522634590074727,-4.598917198915643,2.1335673554759107,-12.059864816934612
Random13
Raw:6.414441921408271,-6.17273983753696,-1.3213414203013585,2.393437335075191,3.8114422421592513,9.063218752057658,17.522634590074734,-4.598917198915651,2.1335673554759094,-12.059864816934612
EFT:6.414441921408271,-6.1727398375369615,-1.3213414203013567,2.393437335075191,3.8114422421592513,9.06321875205766,17.522634590074727,-4.598917198915643,2.1335673554759107,-12.059864816934612
Random14
Raw:6.414441921408269,-6.1727398375369615,-1.3213414203013556,2.3934373350751907,3.8114422421592504,9.06321875205766,17.522634590074727,-4.598917198915645,2.133567355475911,-12.059864816934612
EFT:6.414441921408271,-6.1727398375369615,-1.3213414203013567,2.393437335075191,3.8114422421592513,9.06321875205766,17.522634590074727,-4.598917198915644,2.1335673554759107,-12.059864816934612
Random15
Raw:6.414441921408271,-6.172739837536961,-1.3213414203013576,2.3934373350751903,3.811442242159252,9.06321875205766,17.522634590074727,-4.598917198915645,2.133567355475911,-12.059864816934612
EFT:6.414441921408271,-6.1727398375369615,-1.3213414203013567,2.393437335075191,3.8114422421592513,9.06321875205766,17.522634590074727,-4.598917198915643,2.1335673554759107,-12.059864816934612
Random16
Raw:6.41444192140827,-6.172739837536962,-1.3213414203013574,2.3934373350751925,3.8114422421592558,9.06321875205766,17.52263459007473,-4.598917198915643,2.133567355475911,-12.059864816934612
EFT:6.414441921408271,-6.1727398375369615,-1.3213414203013567,2.393437335075191,3.8114422421592513,9.06321875205766,17.522634590074727,-4.598917198915643,2.1335673554759107,-12.059864816934612
Random17
Raw:6.414441921408271,-6.172739837536961,-1.3213414203013558,2.3934373350751907,3.811442242159252,9.063218752057661,17.522634590074727,-4.598917198915643,2.1335673554759107,-12.059864816934612
EFT:6.414441921408271,-6.1727398375369615,-1.3213414203013567,2.393437335075191,3.8114422421592513,9.06321875205766,17.522634590074727,-4.598917198915643,2.1335673554759107,-12.059864816934612
Random18
Raw:6.414441921408271,-6.1727398375369615,-1.3213414203013558,2.393437335075191,3.811442242159252,9.06321875205766,17.522634590074727,-4.598917198915646,2.13356735547591,-12.059864816934612
EFT:6.414441921408271,-6.1727398375369615,-1.3213414203013567,2.393437335075191,3.8114422421592513,9.06321875205766,17.522634590074727,-4.598917198915644,2.1335673554759107,-12.059864816934612
Random19
Raw:6.41444192140827,-6.17273983753696,-1.3213414203013574,2.393437335075191,3.811442242159253,9.06321875205766,17.522634590074727,-4.598917198915644,2.1335673554759107,-12.059864816934612
EFT:6.414441921408271,-6.1727398375369615,-1.3213414203013567,2.393437335075191,3.8114422421592513,9.06321875205766,17.522634590074727,-4.598917198915643,2.1335673554759107,-12.059864816934612
Random20
Raw:6.41444192140827,-6.17273983753696,-1.3213414203013576,2.393437335075191,3.8114422421592513,9.06321875205766,17.522634590074727,-4.598917198915643,2.1335673554759103,-12.059864816934612
EFT:6.414441921408271,-6.1727398375369615,-1.3213414203013567,2.393437335075191,3.8114422421592513,9.06321875205766,17.522634590074727,-4.598917198915643,2.1335673554759107,-12.059864816934612
Random21
Raw:6.414441921408271,-6.1727398375369615,-1.3213414203013563,2.39343733507519,3.811442242159252,9.063218752057661,17.522634590074727,-4.598917198915643,2.1335673554759103,-12.059864816934612
EFT:6.414441921408271,-6.1727398375369615,-1.3213414203013567,2.393437335075191,3.8114422421592513,9.06321875205766,17.522634590074727,-4.598917198915643,2.1335673554759107,-12.059864816934612
Random22
Raw:6.414441921408271,-6.172739837536959,-1.3213414203013556,2.393437335075191,3.8114422421592513,9.06321875205766,17.522634590074727,-4.598917198915643,2.1335673554759094,-12.059864816934612
EFT:6.414441921408271,-6.1727398375369615,-1.3213414203013567,2.393437335075191,3.8114422421592513,9.06321875205766,17.522634590074727,-4.598917198915643,2.1335673554759107,-12.059864816934612
Random23
Raw:6.4144419214082715,-6.1727398375369615,-1.3213414203013574,2.3934373350751916,3.811442242159252,9.06321875205766,17.522634590074727,-4.598917198915645,2.1335673554759107,-12.059864816934612
EFT:6.414441921408271,-6.1727398375369615,-1.3213414203013567,2.393437335075191,3.8114422421592513,9.06321875205766,17.522634590074727,-4.598917198915643,2.1335673554759107,-12.059864816934612
Random24
Raw:6.414441921408271,-6.172739837536961,-1.321341420301358,2.3934373350751925,3.811442242159252,9.063218752057658,17.522634590074727,-4.598917198915642,2.1335673554759094,-12.059864816934612
EFT:6.414441921408271,-6.1727398375369615,-1.3213414203013567,2.393437335075191,3.8114422421592513,9.06321875205766,17.522634590074727,-4.598917198915644,2.1335673554759107,-12.059864816934612
Random25
Raw:6.41444192140827,-6.172739837536963,-1.3213414203013567,2.3934373350751903,3.811442242159252,9.06321875205766,17.522634590074727,-4.598917198915644,2.1335673554759103,-12.059864816934612
EFT:6.414441921408271,-6.1727398375369615,-1.3213414203013567,2.393437335075191,3.8114422421592513,9.06321875205766,17.522634590074727,-4.598917198915644,2.1335673554759107,-12.059864816934612
Random26
Raw:6.414441921408272,-6.172739837536962,-1.3213414203013585,2.3934373350751907,3.811442242159253,9.063218752057658,17.52263459007473,-4.598917198915643,2.13356735547591,-12.059864816934612
EFT:6.414441921408271,-6.1727398375369615,-1.3213414203013567,2.393437335075191,3.8114422421592513,9.06321875205766,17.522634590074727,-4.598917198915644,2.1335673554759107,-12.059864816934612
Random27
Raw:6.414441921408271,-6.172739837536961,-1.3213414203013563,2.3934373350751903,3.811442242159252,9.06321875205766,17.522634590074727,-4.598917198915647,2.133567355475911,-12.059864816934612
EFT:6.414441921408271,-6.1727398375369615,-1.3213414203013567,2.393437335075191,3.8114422421592513,9.06321875205766,17.522634590074727,-4.598917198915643,2.1335673554759107,-12.059864816934612
Random28
Raw:6.414441921408269,-6.172739837536961,-1.3213414203013567,2.3934373350751907,3.811442242159252,9.06321875205766,17.522634590074727,-4.59891719891564,2.13356735547591,-12.059864816934612
EFT:6.414441921408271,-6.1727398375369615,-1.3213414203013567,2.393437335075191,3.8114422421592513,9.06321875205766,17.522634590074727,-4.598917198915644,2.1335673554759107,-12.059864816934612
Random29
Raw:6.41444192140827,-6.1727398375369615,-1.321341420301358,2.3934373350751916,3.811442242159252,9.06321875205766,17.52263459007473,-4.598917198915652,2.133567355475911,-12.059864816934612
EFT:6.414441921408271,-6.1727398375369615,-1.3213414203013567,2.393437335075191,3.8114422421592513,9.06321875205766,17.522634590074727,-4.598917198915643,2.1335673554759107,-12.059864816934612
Random30
Raw:6.414441921408271,-6.1727398375369615,-1.3213414203013563,2.3934373350751903,3.8114422421592575,9.06321875205766,17.522634590074727,-4.598917198915643,2.1335673554759107,-12.059864816934612
EFT:6.414441921408271,-6.1727398375369615,-1.3213414203013567,2.393437335075191,3.8114422421592513,9.06321875205766,17.522634590074727,-4.598917198915643,2.1335673554759107,-12.059864816934612
Random31
Raw:6.41444192140827,-6.172739837536958,-1.3213414203013576,2.3934373350751925,3.811442242159252,9.06321875205766,17.522634590074723,-4.598917198915643,2.133567355475912,-12.059864816934612
EFT:6.414441921408271,-6.1727398375369615,-1.3213414203013567,2.393437335075191,3.8114422421592513,9.06321875205766,17.522634590074727,-4.598917198915643,2.1335673554759107,-12.059864816934612
Random32
Raw:6.41444192140827,-6.172739837536961,-1.3213414203013558,2.39343733507519,3.811442242159252,9.06321875205766,17.52263459007473,-4.598917198915642,2.1335673554759094,-12.059864816934612
EFT:6.414441921408271,-6.1727398375369615,-1.3213414203013567,2.393437335075191,3.8114422421592513,9.06321875205766,17.522634590074727,-4.598917198915643,2.1335673554759107,-12.059864816934612
Random33
Raw:6.41444192140827,-6.1727398375369615,-1.321341420301355,2.3934373350751903,3.811442242159252,9.06321875205766,17.522634590074723,-4.598917198915643,2.1335673554759116,-12.059864816934612
EFT:6.414441921408271,-6.1727398375369615,-1.3213414203013567,2.393437335075191,3.8114422421592513,9.06321875205766,17.522634590074727,-4.598917198915643,2.1335673554759107,-12.059864816934612
Random34
Raw:6.414441921408271,-6.172739837536961,-1.3213414203013552,2.3934373350751903,3.8114422421592513,9.06321875205766,17.522634590074727,-4.598917198915644,2.1335673554759094,-12.059864816934612
EFT:6.414441921408271,-6.1727398375369615,-1.3213414203013567,2.393437335075191,3.8114422421592513,9.06321875205766,17.522634590074727,-4.598917198915643,2.1335673554759107,-12.059864816934612
Random35
Raw:6.41444192140827,-6.1727398375369615,-1.3213414203013567,2.393437335075191,3.8114422421592495,9.06321875205766,17.52263459007473,-4.598917198915643,2.13356735547591,-12.059864816934612
EFT:6.414441921408271,-6.1727398375369615,-1.3213414203013567,2.393437335075191,3.8114422421592513,9.06321875205766,17.522634590074727,-4.598917198915644,2.1335673554759107,-12.059864816934612
Random36
Raw:6.414441921408268,-6.172739837536962,-1.3213414203013567,2.3934373350751907,3.8114422421592495,9.06321875205766,17.52263459007473,-4.598917198915642,2.1335673554759085,-12.059864816934613
EFT:6.414441921408271,-6.1727398375369615,-1.3213414203013567,2.393437335075191,3.8114422421592513,9.06321875205766,17.522634590074727,-4.598917198915643,2.1335673554759107,-12.059864816934612
Random37
Raw:6.41444192140827,-6.1727398375369615,-1.3213414203013563,2.3934373350751907,3.8114422421592504,9.063218752057658,17.522634590074727,-4.598917198915645,2.1335673554759107,-12.059864816934612
EFT:6.414441921408271,-6.1727398375369615,-1.3213414203013567,2.393437335075191,3.8114422421592513,9.06321875205766,17.522634590074727,-4.598917198915644,2.1335673554759103,-12.059864816934612
Random38
Raw:6.414441921408271,-6.1727398375369615,-1.3213414203013563,2.393437335075191,3.8114422421592513,9.06321875205766,17.522634590074727,-4.598917198915645,2.1335673554759103,-12.05986481693461
EFT:6.414441921408271,-6.1727398375369615,-1.3213414203013567,2.393437335075191,3.8114422421592513,9.06321875205766,17.522634590074727,-4.598917198915644,2.1335673554759107,-12.059864816934612
Random39
Raw:6.41444192140827,-6.1727398375369615,-1.3213414203013567,2.3934373350751907,3.8114422421592504,9.06321875205766,17.522634590074723,-4.598917198915642,2.1335673554759094,-12.059864816934612
EFT:6.414441921408271,-6.1727398375369615,-1.3213414203013567,2.393437335075191,3.8114422421592513,9.06321875205766,17.522634590074727,-4.598917198915643,2.1335673554759107,-12.059864816934612
Random40
Raw:6.414441921408271,-6.172739837536961,-1.3213414203013572,2.393437335075191,3.8114422421592513,9.06321875205766,17.522634590074727,-4.598917198915644,2.1335673554759116,-12.059864816934612
EFT:6.414441921408271,-6.1727398375369615,-1.3213414203013567,2.393437335075191,3.8114422421592513,9.06321875205766,17.522634590074727,-4.598917198915643,2.1335673554759107,-12.059864816934612
Random41
Raw:6.41444192140827,-6.172739837536961,-1.321341420301354,2.3934373350751916,3.811442242159252,9.063218752057661,17.522634590074734,-4.598917198915641,2.1335673554759107,-12.059864816934612
EFT:6.414441921408271,-6.1727398375369615,-1.3213414203013567,2.393437335075191,3.8114422421592513,9.06321875205766,17.522634590074727,-4.598917198915643,2.1335673554759107,-12.059864816934612
Random42
Raw:6.414441921408271,-6.17273983753696,-1.3213414203013538,2.39343733507519,3.8114422421592513,9.06321875205766,17.522634590074727,-4.598917198915643,2.1335673554759103,-12.059864816934612
EFT:6.414441921408271,-6.1727398375369615,-1.3213414203013567,2.393437335075191,3.8114422421592513,9.06321875205766,17.522634590074727,-4.598917198915643,2.1335673554759107,-12.059864816934612
Random43
Raw:6.4144419214082715,-6.1727398375369615,-1.3213414203013567,2.393437335075192,3.811442242159252,9.06321875205766,17.522634590074727,-4.598917198915645,2.1335673554759116,-12.059864816934612
EFT:6.414441921408271,-6.1727398375369615,-1.3213414203013567,2.393437335075191,3.8114422421592513,9.06321875205766,17.522634590074727,-4.598917198915643,2.1335673554759107,-12.059864816934612
Random44
Raw:6.414441921408271,-6.17273983753696,-1.3213414203013576,2.3934373350751903,3.811442242159252,9.06321875205766,17.52263459007473,-4.598917198915645,2.1335673554759103,-12.059864816934612
EFT:6.414441921408271,-6.1727398375369615,-1.3213414203013567,2.393437335075191,3.8114422421592513,9.06321875205766,17.522634590074727,-4.598917198915643,2.1335673554759107,-12.059864816934612
Random45
Raw:6.414441921408271,-6.172739837536959,-1.3213414203013565,2.3934373350751903,3.811442242159252,9.063218752057658,17.52263459007473,-4.598917198915645,2.13356735547591,-12.059864816934612
EFT:6.414441921408271,-6.1727398375369615,-1.3213414203013567,2.393437335075191,3.8114422421592513,9.06321875205766,17.522634590074727,-4.598917198915643,2.1335673554759107,-12.059864816934612
Random46
Raw:6.414441921408269,-6.172739837536961,-1.3213414203013567,2.3934373350751903,3.8114422421592513,9.06321875205766,17.522634590074727,-4.598917198915643,2.1335673554759107,-12.059864816934612
EFT:6.414441921408271,-6.1727398375369615,-1.3213414203013567,2.393437335075191,3.8114422421592513,9.06321875205766,17.522634590074727,-4.598917198915643,2.1335673554759107,-12.059864816934612
Random47
Raw:6.41444192140827,-6.172739837536958,-1.3213414203013567,2.393437335075191,3.8114422421592513,9.063218752057658,17.522634590074727,-4.598917198915643,2.1335673554759103,-12.059864816934612
EFT:6.414441921408271,-6.1727398375369615,-1.3213414203013567,2.393437335075191,3.8114422421592513,9.06321875205766,17.522634590074727,-4.598917198915643,2.1335673554759107,-12.059864816934612
Random48
Raw:6.414441921408271,-6.172739837536961,-1.3213414203013567,2.3934373350751916,3.8114422421592513,9.06321875205766,17.52263459007473,-4.598917198915643,2.1335673554759125,-12.059864816934612
EFT:6.414441921408271,-6.1727398375369615,-1.3213414203013567,2.393437335075191,3.8114422421592513,9.06321875205766,17.522634590074727,-4.598917198915643,2.1335673554759107,-12.059864816934612
Random49
Raw:6.414441921408269,-6.172739837536961,-1.3213414203013567,2.393437335075191,3.8114422421592513,9.063218752057658,17.52263459007473,-4.598917198915643,2.133567355475911,-12.059864816934612
EFT:6.414441921408271,-6.1727398375369615,-1.3213414203013567,2.393437335075191,3.8114422421592513,9.06321875205766,17.522634590074727,-4.598917198915643,2.1335673554759103,-12.059864816934612
Random50
Raw:6.414441921408271,-6.17273983753696,-1.3213414203013576,2.3934373350751903,3.811442242159253,9.063218752057658,17.52263459007473,-4.598917198915641,2.133567355475911,-12.059864816934612
EFT:6.414441921408271,-6.1727398375369615,-1.3213414203013567,2.393437335075191,3.8114422421592513,9.06321875205766,17.522634590074727,-4.598917198915643,2.1335673554759107,-12.059864816934612
Random51
Raw:6.414441921408271,-6.1727398375369615,-1.3213414203013567,2.3934373350751925,3.8114422421592513,9.063218752057658,17.522634590074727,-4.598917198915645,2.133567355475909,-12.059864816934613
EFT:6.414441921408271,-6.1727398375369615,-1.3213414203013567,2.393437335075191,3.8114422421592513,9.06321875205766,17.522634590074727,-4.598917198915643,2.1335673554759107,-12.059864816934612
Random52
Raw:6.414441921408271,-6.1727398375369615,-1.3213414203013554,2.3934373350751907,3.811442242159252,9.06321875205766,17.522634590074727,-4.598917198915643,2.1335673554759116,-12.059864816934612
EFT:6.414441921408271,-6.1727398375369615,-1.3213414203013567,2.393437335075191,3.8114422421592513,9.06321875205766,17.522634590074727,-4.598917198915643,2.1335673554759107,-12.059864816934612
Random53
Raw:6.414441921408269,-6.172739837536961,-1.3213414203013563,2.39343733507519,3.811442242159252,9.063218752057658,17.522634590074727,-4.598917198915644,2.133567355475914,-12.059864816934612
EFT:6.414441921408271,-6.1727398375369615,-1.3213414203013567,2.393437335075191,3.8114422421592513,9.06321875205766,17.522634590074727,-4.598917198915643,2.1335673554759107,-12.059864816934612
Random54
Raw:6.414441921408271,-6.1727398375369615,-1.3213414203013572,2.3934373350751916,3.811442242159252,9.06321875205766,17.522634590074727,-4.598917198915643,2.1335673554759107,-12.059864816934612
EFT:6.414441921408271,-6.1727398375369615,-1.3213414203013567,2.393437335075191,3.8114422421592513,9.06321875205766,17.522634590074727,-4.598917198915643,2.1335673554759103,-12.059864816934612
Random55
Raw:6.414441921408271,-6.1727398375369615,-1.3213414203013585,2.3934373350751903,3.8114422421592513,9.06321875205766,17.522634590074727,-4.598917198915646,2.133567355475911,-12.059864816934613
EFT:6.414441921408271,-6.1727398375369615,-1.3213414203013567,2.393437335075191,3.8114422421592513,9.06321875205766,17.522634590074727,-4.598917198915643,2.1335673554759107,-12.059864816934612
Random56
Raw:6.414441921408271,-6.1727398375369615,-1.3213414203013567,2.3934373350751903,3.811442242159253,9.063218752057658,17.522634590074727,-4.598917198915641,2.1335673554759103,-12.059864816934613
EFT:6.414441921408271,-6.1727398375369615,-1.3213414203013567,2.393437335075191,3.8114422421592513,9.06321875205766,17.522634590074727,-4.598917198915643,2.1335673554759103,-12.059864816934612
Random57
Raw:6.414441921408271,-6.172739837536963,-1.3213414203013567,2.3934373350751907,3.8114422421592504,9.063218752057661,17.522634590074727,-4.598917198915645,2.1335673554759107,-12.059864816934612
EFT:6.414441921408271,-6.1727398375369615,-1.3213414203013567,2.393437335075191,3.8114422421592513,9.06321875205766,17.522634590074727,-4.598917198915643,2.1335673554759107,-12.059864816934612
Random58
Raw:6.414441921408271,-6.172739837536962,-1.321341420301355,2.3934373350751907,3.8114422421592487,9.06321875205766,17.522634590074727,-4.598917198915643,2.1335673554759103,-12.059864816934612
EFT:6.414441921408271,-6.1727398375369615,-1.3213414203013567,2.393437335075191,3.8114422421592513,9.06321875205766,17.522634590074727,-4.598917198915643,2.1335673554759107,-12.059864816934612
Random59
Raw:6.4144419214082715,-6.1727398375369615,-1.321341420301356,2.393437335075191,3.8114422421592504,9.06321875205766,17.522634590074727,-4.598917198915643,2.133567355475912,-12.059864816934612
EFT:6.414441921408271,-6.1727398375369615,-1.3213414203013567,2.393437335075191,3.8114422421592513,9.06321875205766,17.522634590074727,-4.598917198915643,2.1335673554759107,-12.059864816934612
Random60
Raw:6.414441921408271,-6.1727398375369615,-1.3213414203013563,2.3934373350751903,3.811442242159252,9.06321875205766,17.522634590074727,-4.598917198915645,2.1335673554759103,-12.059864816934613
EFT:6.414441921408271,-6.1727398375369615,-1.3213414203013567,2.393437335075191,3.8114422421592513,9.06321875205766,17.522634590074727,-4.598917198915643,2.1335673554759107,-12.059864816934612
Random61
Raw:6.414441921408271,-6.1727398375369615,-1.321341420301358,2.3934373350751894,3.8114422421592504,9.06321875205766,17.522634590074727,-4.598917198915643,2.1335673554759094,-12.059864816934613
EFT:6.414441921408271,-6.1727398375369615,-1.3213414203013567,2.393437335075191,3.8114422421592513,9.06321875205766,17.522634590074727,-4.598917198915644,2.1335673554759107,-12.059864816934612
Random62
Raw:6.414441921408271,-6.172739837536961,-1.321341420301358,2.3934373350751934,3.8114422421592513,9.06321875205766,17.522634590074727,-4.598917198915642,2.1335673554759107,-12.05986481693461
EFT:6.414441921408271,-6.1727398375369615,-1.3213414203013567,2.393437335075191,3.8114422421592513,9.06321875205766,17.522634590074727,-4.598917198915643,2.1335673554759107,-12.059864816934612
Random63
Raw:6.414441921408271,-6.172739837536961,-1.3213414203013547,2.3934373350751903,3.811442242159254,9.06321875205766,17.522634590074727,-4.598917198915643,2.1335673554759103,-12.059864816934612
EFT:6.414441921408271,-6.1727398375369615,-1.3213414203013567,2.393437335075191,3.8114422421592513,9.06321875205766,17.522634590074727,-4.598917198915644,2.1335673554759107,-12.059864816934612
Random64
Raw:6.414441921408271,-6.17273983753696,-1.3213414203013563,2.393437335075191,3.8114422421592513,9.06321875205766,17.522634590074727,-4.598917198915647,2.1335673554759107,-12.059864816934612
EFT:6.414441921408271,-6.1727398375369615,-1.3213414203013567,2.393437335075191,3.8114422421592513,9.06321875205766,17.522634590074727,-4.598917198915643,2.1335673554759107,-12.059864816934612
Random65
Raw:6.414441921408271,-6.172739837536962,-1.3213414203013563,2.3934373350751894,3.811442242159252,9.06321875205766,17.522634590074723,-4.598917198915645,2.133567355475911,-12.059864816934612
EFT:6.414441921408271,-6.1727398375369615,-1.3213414203013567,2.393437335075191,3.8114422421592513,9.06321875205766,17.522634590074727,-4.598917198915643,2.1335673554759107,-12.059864816934612
Random66
Raw:6.414441921408269,-6.172739837536961,-1.321341420301355,2.3934373350751907,3.811442242159252,9.063218752057658,17.522634590074727,-4.598917198915643,2.1335673554759103,-12.059864816934613
EFT:6.414441921408271,-6.1727398375369615,-1.3213414203013567,2.393437335075191,3.8114422421592513,9.06321875205766,17.522634590074727,-4.598917198915643,2.1335673554759107,-12.059864816934612
Random67
Raw:6.414441921408271,-6.17273983753696,-1.3213414203013563,2.393437335075194,3.811442242159253,9.06321875205766,17.522634590074727,-4.598917198915643,2.133567355475911,-12.059864816934612
EFT:6.414441921408271,-6.1727398375369615,-1.3213414203013567,2.393437335075191,3.8114422421592513,9.06321875205766,17.522634590074727,-4.598917198915643,2.1335673554759107,-12.059864816934612
Random68
Raw:6.414441921408272,-6.172739837536962,-1.3213414203013558,2.393437335075191,3.8114422421592513,9.06321875205766,17.522634590074727,-4.598917198915643,2.133567355475911,-12.05986481693461
EFT:6.414441921408271,-6.1727398375369615,-1.3213414203013565,2.393437335075191,3.8114422421592513,9.06321875205766,17.522634590074727,-4.598917198915643,2.1335673554759107,-12.059864816934612
Random69
Raw:6.41444192140827,-6.172739837536961,-1.3213414203013567,2.3934373350751907,3.811442242159252,9.06321875205766,17.522634590074727,-4.598917198915642,2.1335673554759103,-12.059864816934612
EFT:6.414441921408271,-6.1727398375369615,-1.3213414203013567,2.393437335075191,3.8114422421592513,9.06321875205766,17.522634590074727,-4.598917198915643,2.1335673554759107,-12.059864816934612
Random70
Raw:6.414441921408271,-6.172739837536961,-1.3213414203013567,2.393437335075191,3.8114422421592504,9.06321875205766,17.522634590074727,-4.598917198915643,2.133567355475912,-12.059864816934612
EFT:6.414441921408271,-6.1727398375369615,-1.3213414203013567,2.393437335075191,3.8114422421592513,9.06321875205766,17.522634590074727,-4.598917198915643,2.1335673554759107,-12.059864816934612
Random71
Raw:6.41444192140827,-6.17273983753696,-1.321341420301355,2.3934373350751916,3.811442242159253,9.06321875205766,17.52263459007473,-4.598917198915643,2.1335673554759103,-12.05986481693461
EFT:6.414441921408271,-6.1727398375369615,-1.3213414203013567,2.393437335075191,3.8114422421592513,9.06321875205766,17.522634590074727,-4.598917198915643,2.1335673554759107,-12.059864816934612
Random72
Raw:6.414441921408269,-6.172739837536961,-1.3213414203013554,2.393437335075191,3.811442242159254,9.063218752057658,17.522634590074727,-4.598917198915643,2.1335673554759103,-12.059864816934612
EFT:6.414441921408271,-6.1727398375369615,-1.3213414203013567,2.393437335075191,3.8114422421592513,9.06321875205766,17.522634590074727,-4.598917198915643,2.1335673554759107,-12.059864816934612
Random73
Raw:6.414441921408268,-6.172739837536961,-1.3213414203013567,2.3934373350751903,3.811442242159252,9.063218752057658,17.522634590074727,-4.598917198915642,2.1335673554759125,-12.05986481693461
EFT:6.414441921408271,-6.1727398375369615,-1.3213414203013567,2.393437335075191,3.8114422421592513,9.06321875205766,17.522634590074727,-4.598917198915644,2.1335673554759107,-12.059864816934612
Random74
Raw:6.414441921408271,-6.1727398375369615,-1.3213414203013567,2.39343733507519,3.811442242159253,9.06321875205766,17.522634590074727,-4.598917198915643,2.1335673554759103,-12.059864816934612
EFT:6.414441921408271,-6.1727398375369615,-1.3213414203013567,2.393437335075191,3.8114422421592513,9.06321875205766,17.522634590074727,-4.598917198915643,2.1335673554759107,-12.059864816934612
Random75
Raw:6.4144419214082715,-6.172739837536963,-1.321341420301357,2.393437335075192,3.811442242159252,9.06321875205766,17.522634590074727,-4.598917198915643,2.1335673554759116,-12.059864816934612
EFT:6.414441921408271,-6.1727398375369615,-1.3213414203013567,2.393437335075191,3.8114422421592513,9.06321875205766,17.522634590074727,-4.598917198915643,2.1335673554759107,-12.059864816934612
Random76
Raw:6.414441921408271,-6.172739837536961,-1.3213414203013585,2.3934373350751907,3.8114422421592504,9.06321875205766,17.522634590074727,-4.598917198915645,2.1335673554759103,-12.059864816934612
EFT:6.414441921408271,-6.1727398375369615,-1.3213414203013567,2.393437335075191,3.8114422421592513,9.06321875205766,17.522634590074727,-4.598917198915643,2.1335673554759107,-12.059864816934612
Random77
Raw:6.414441921408271,-6.172739837536961,-1.3213414203013567,2.3934373350751907,3.8114422421592504,9.06321875205766,17.522634590074727,-4.598917198915644,2.133567355475911,-12.059864816934612
EFT:6.414441921408271,-6.1727398375369615,-1.3213414203013567,2.393437335075191,3.8114422421592513,9.06321875205766,17.522634590074727,-4.598917198915643,2.1335673554759107,-12.059864816934612
Random78
Raw:6.414441921408271,-6.1727398375369615,-1.3213414203013567,2.3934373350751916,3.811442242159252,9.063218752057658,17.522634590074727,-4.598917198915645,2.1335673554759103,-12.059864816934612
EFT:6.414441921408271,-6.1727398375369615,-1.3213414203013567,2.393437335075191,3.8114422421592513,9.06321875205766,17.522634590074727,-4.598917198915643,2.1335673554759107,-12.059864816934612
Random79
Raw:6.414441921408271,-6.172739837536962,-1.3213414203013576,2.3934373350751903,3.8114422421592513,9.06321875205766,17.522634590074734,-4.598917198915643,2.1335673554759107,-12.059864816934612
EFT:6.414441921408271,-6.1727398375369615,-1.3213414203013567,2.393437335075191,3.8114422421592513,9.06321875205766,17.522634590074727,-4.598917198915643,2.1335673554759107,-12.059864816934612
Random80
Raw:6.414441921408271,-6.1727398375369615,-1.3213414203013572,2.3934373350751903,3.8114422421592504,9.063218752057658,17.522634590074723,-4.598917198915643,2.1335673554759094,-12.059864816934612
EFT:6.414441921408271,-6.1727398375369615,-1.3213414203013567,2.393437335075191,3.8114422421592513,9.06321875205766,17.522634590074727,-4.598917198915643,2.1335673554759107,-12.059864816934612
Random81
Raw:6.414441921408272,-6.1727398375369615,-1.3213414203013572,2.393437335075192,3.8114422421592504,9.06321875205766,17.522634590074727,-4.598917198915643,2.1335673554759107,-12.059864816934612
EFT:6.414441921408271,-6.1727398375369615,-1.3213414203013567,2.393437335075191,3.8114422421592513,9.06321875205766,17.522634590074727,-4.598917198915643,2.1335673554759107,-12.059864816934612
Random82
Raw:6.414441921408267,-6.1727398375369615,-1.3213414203013567,2.3934373350751903,3.8114422421592504,9.06321875205766,17.522634590074727,-4.598917198915642,2.1335673554759107,-12.059864816934612
EFT:6.414441921408271,-6.1727398375369615,-1.3213414203013567,2.393437335075191,3.8114422421592513,9.06321875205766,17.522634590074727,-4.598917198915643,2.1335673554759107,-12.059864816934612
Random83
Raw:6.41444192140827,-6.1727398375369615,-1.3213414203013576,2.3934373350751907,3.811442242159252,9.063218752057661,17.522634590074727,-4.598917198915643,2.1335673554759116,-12.059864816934612
EFT:6.414441921408271,-6.1727398375369615,-1.3213414203013567,2.393437335075191,3.8114422421592513,9.06321875205766,17.522634590074727,-4.598917198915644,2.1335673554759107,-12.059864816934612
Random84
Raw:6.414441921408271,-6.172739837536961,-1.3213414203013567,2.3934373350751903,3.8114422421592504,9.063218752057658,17.522634590074727,-4.598917198915644,2.133567355475911,-12.059864816934613
EFT:6.414441921408271,-6.1727398375369615,-1.3213414203013565,2.393437335075191,3.8114422421592513,9.06321875205766,17.522634590074727,-4.598917198915643,2.1335673554759103,-12.059864816934612
Random85
Raw:6.41444192140827,-6.1727398375369615,-1.3213414203013567,2.393437335075189,3.811442242159252,9.06321875205766,17.522634590074727,-4.5989171989156485,2.1335673554759103,-12.059864816934612
EFT:6.414441921408271,-6.1727398375369615,-1.3213414203013565,2.393437335075191,3.8114422421592513,9.06321875205766,17.522634590074727,-4.598917198915643,2.1335673554759107,-12.059864816934612
Random86
Raw:6.414441921408271,-6.172739837536961,-1.3213414203013576,2.393437335075191,3.811442242159252,9.063218752057661,17.522634590074727,-4.598917198915643,2.1335673554759103,-12.059864816934612
EFT:6.414441921408271,-6.1727398375369615,-1.3213414203013567,2.393437335075191,3.8114422421592513,9.06321875205766,17.522634590074727,-4.598917198915643,2.1335673554759107,-12.059864816934612
Random87
Raw:6.414441921408271,-6.1727398375369615,-1.3213414203013558,2.3934373350751894,3.811442242159252,9.06321875205766,17.522634590074727,-4.598917198915645,2.133567355475911,-12.059864816934613
EFT:6.414441921408271,-6.1727398375369615,-1.3213414203013567,2.393437335075191,3.8114422421592513,9.06321875205766,17.522634590074727,-4.598917198915643,2.1335673554759103,-12.059864816934612
Random88
Raw:6.4144419214082715,-6.172739837536961,-1.3213414203013558,2.3934373350751916,3.8114422421592513,9.063218752057661,17.522634590074723,-4.598917198915643,2.13356735547591,-12.059864816934613
EFT:6.414441921408271,-6.1727398375369615,-1.3213414203013567,2.393437335075191,3.8114422421592513,9.06321875205766,17.522634590074727,-4.598917198915644,2.1335673554759107,-12.059864816934612
Random89
Raw:6.414441921408271,-6.17273983753696,-1.321341420301355,2.3934373350751907,3.8114422421592513,9.06321875205766,17.522634590074727,-4.598917198915647,2.1335673554759103,-12.059864816934612
EFT:6.414441921408271,-6.1727398375369615,-1.3213414203013567,2.393437335075191,3.8114422421592513,9.06321875205766,17.522634590074727,-4.598917198915643,2.1335673554759107,-12.059864816934612
Random90
Raw:6.414441921408269,-6.1727398375369615,-1.3213414203013567,2.3934373350751916,3.811442242159255,9.06321875205766,17.52263459007473,-4.598917198915645,2.1335673554759125,-12.059864816934613
EFT:6.414441921408271,-6.1727398375369615,-1.3213414203013567,2.393437335075191,3.8114422421592513,9.06321875205766,17.522634590074727,-4.598917198915643,2.1335673554759107,-12.059864816934612
Random91
Raw:6.41444192140827,-6.172739837536963,-1.321341420301358,2.3934373350751903,3.811442242159253,9.063218752057658,17.522634590074727,-4.598917198915642,2.133567355475911,-12.05986481693461
EFT:6.414441921408271,-6.1727398375369615,-1.3213414203013565,2.393437335075191,3.8114422421592513,9.06321875205766,17.522634590074727,-4.598917198915643,2.1335673554759107,-12.059864816934612
Random92
Raw:6.414441921408269,-6.1727398375369615,-1.3213414203013534,2.393437335075189,3.8114422421592504,9.06321875205766,17.522634590074727,-4.598917198915643,2.13356735547591,-12.059864816934613
EFT:6.414441921408271,-6.1727398375369615,-1.3213414203013567,2.393437335075191,3.8114422421592513,9.06321875205766,17.522634590074727,-4.598917198915643,2.1335673554759107,-12.059864816934612
Random93
Raw:6.414441921408271,-6.172739837536961,-1.3213414203013567,2.3934373350751867,3.811442242159252,9.06321875205766,17.52263459007473,-4.598917198915647,2.133567355475912,-12.05986481693461
EFT:6.414441921408271,-6.1727398375369615,-1.3213414203013567,2.393437335075191,3.8114422421592513,9.06321875205766,17.522634590074727,-4.598917198915643,2.1335673554759107,-12.059864816934612
Random94
Raw:6.414441921408271,-6.172739837536961,-1.3213414203013578,2.3934373350751907,3.8114422421592513,9.06321875205766,17.52263459007473,-4.598917198915643,2.133567355475912,-12.059864816934612
EFT:6.414441921408271,-6.1727398375369615,-1.3213414203013567,2.393437335075191,3.8114422421592513,9.06321875205766,17.522634590074727,-4.598917198915643,2.1335673554759107,-12.059864816934612
Random95
Raw:6.414441921408271,-6.172739837536964,-1.3213414203013567,2.393437335075191,3.8114422421592495,9.06321875205766,17.52263459007473,-4.598917198915642,2.13356735547591,-12.059864816934612
EFT:6.414441921408271,-6.1727398375369615,-1.3213414203013567,2.393437335075191,3.8114422421592513,9.06321875205766,17.522634590074727,-4.598917198915643,2.1335673554759107,-12.059864816934612
Random96
Raw:6.414441921408271,-6.172739837536961,-1.3213414203013567,2.3934373350751903,3.811442242159252,9.06321875205766,17.522634590074723,-4.598917198915643,2.1335673554759103,-12.059864816934612
EFT:6.414441921408271,-6.1727398375369615,-1.3213414203013567,2.393437335075191,3.8114422421592513,9.06321875205766,17.522634590074727,-4.598917198915643,2.1335673554759103,-12.059864816934612
Random97
Raw:6.414441921408271,-6.1727398375369615,-1.3213414203013576,2.393437335075192,3.8114422421592566,9.063218752057658,17.522634590074727,-4.598917198915644,2.1335673554759103,-12.059864816934613
EFT:6.414441921408271,-6.1727398375369615,-1.3213414203013567,2.393437335075191,3.8114422421592513,9.06321875205766,17.522634590074727,-4.598917198915643,2.1335673554759107,-12.059864816934612
Random98
Raw:6.414441921408271,-6.1727398375369615,-1.3213414203013556,2.393437335075192,3.8114422421592504,9.06321875205766,17.522634590074727,-4.59891719891565,2.1335673554759107,-12.059864816934612
EFT:6.414441921408271,-6.1727398375369615,-1.3213414203013567,2.393437335075191,3.8114422421592513,9.06321875205766,17.522634590074727,-4.598917198915643,2.1335673554759107,-12.059864816934612
Random99
Raw:6.414441921408271,-6.1727398375369615,-1.3213414203013567,2.3934373350751916,3.811442242159252,9.06321875205766,17.522634590074727,-4.598917198915643,2.133567355475912,-12.059864816934612
EFT:6.414441921408271,-6.1727398375369615,-1.3213414203013567,2.393437335075191,3.8114422421592513,9.06321875205766,17.522634590074727,-4.598917198915643,2.1335673554759107,-12.059864816934612
Random100
Raw:6.414441921408271,-6.17273983753696,-1.3213414203013576,2.3934373350751916,3.8114422421592513,9.06321875205766,17.52263459007473,-4.598917198915646,2.133567355475912,-12.059864816934612
EFT:6.414441921408271,-6.1727398375369615,-1.3213414203013567,2.393437335075191,3.8114422421592513,9.06321875205766,17.522634590074727,-4.598917198915644,2.1335673554759107,-12.059864816934612
Random101
Raw:6.414441921408271,-6.172739837536961,-1.3213414203013576,2.3934373350751894,3.811442242159253,9.06321875205766,17.522634590074723,-4.598917198915643,2.1335673554759103,-12.059864816934612
EFT:6.414441921408271,-6.1727398375369615,-1.3213414203013565,2.393437335075191,3.8114422421592513,9.06321875205766,17.522634590074727,-4.598917198915643,2.1335673554759103,-12.059864816934612
Random102
Raw:6.414441921408271,-6.172739837536961,-1.3213414203013532,2.39343733507519,3.8114422421592513,9.06321875205766,17.522634590074727,-4.5989171989156485,2.1335673554759103,-12.059864816934612
EFT:6.414441921408271,-6.1727398375369615,-1.3213414203013565,2.393437335075191,3.8114422421592513,9.06321875205766,17.522634590074727,-4.598917198915643,2.1335673554759107,-12.059864816934612
Random103
Raw:6.41444192140827,-6.172739837536963,-1.3213414203013567,2.3934373350751916,3.8114422421592504,9.063218752057658,17.522634590074727,-4.598917198915643,2.13356735547591,-12.059864816934612
EFT:6.414441921408271,-6.1727398375369615,-1.3213414203013567,2.393437335075191,3.8114422421592513,9.06321875205766,17.522634590074727,-4.598917198915643,2.1335673554759107,-12.059864816934612
Random104
Raw:6.414441921408271,-6.1727398375369615,-1.3213414203013585,2.3934373350751907,3.811442242159253,9.06321875205766,17.52263459007473,-4.598917198915643,2.1335673554759107,-12.059864816934612
EFT:6.414441921408271,-6.1727398375369615,-1.3213414203013567,2.393437335075191,3.8114422421592513,9.06321875205766,17.522634590074727,-4.598917198915643,2.1335673554759107,-12.059864816934612
Random105
Raw:6.414441921408269,-6.1727398375369615,-1.3213414203013558,2.3934373350751916,3.8114422421592513,9.06321875205766,17.52263459007473,-4.598917198915648,2.1335673554759094,-12.059864816934612
EFT:6.414441921408271,-6.1727398375369615,-1.3213414203013567,2.393437335075191,3.8114422421592513,9.06321875205766,17.522634590074727,-4.598917198915643,2.1335673554759107,-12.059864816934612
Random106
Raw:6.41444192140827,-6.172739837536962,-1.3213414203013563,2.3934373350751885,3.8114422421592513,9.06321875205766,17.522634590074723,-4.598917198915643,2.1335673554759107,-12.059864816934612
EFT:6.414441921408271,-6.1727398375369615,-1.3213414203013565,2.393437335075191,3.8114422421592513,9.06321875205766,17.522634590074727,-4.598917198915644,2.1335673554759107,-12.059864816934612
Random107
Raw:6.4144419214082715,-6.1727398375369615,-1.3213414203013567,2.3934373350751903,3.8114422421592513,9.06321875205766,17.522634590074727,-4.598917198915642,2.1335673554759107,-12.059864816934612
EFT:6.414441921408271,-6.1727398375369615,-1.3213414203013567,2.393437335075191,3.8114422421592513,9.06321875205766,17.522634590074727,-4.598917198915644,2.1335673554759107,-12.059864816934612
Random108
Raw:6.414441921408271,-6.17273983753696,-1.321341420301357,2.393437335075191,3.8114422421592513,9.06321875205766,17.522634590074723,-4.598917198915643,2.13356735547591,-12.059864816934612
EFT:6.414441921408271,-6.1727398375369615,-1.3213414203013567,2.393437335075191,3.8114422421592513,9.06321875205766,17.522634590074727,-4.598917198915643,2.1335673554759107,-12.059864816934612
Random109
Raw:6.414441921408271,-6.172739837536961,-1.321341420301357,2.3934373350751903,3.811442242159255,9.06321875205766,17.522634590074723,-4.598917198915642,2.1335673554759107,-12.059864816934612
EFT:6.414441921408271,-6.1727398375369615,-1.3213414203013567,2.393437335075191,3.8114422421592513,9.06321875205766,17.522634590074727,-4.598917198915643,2.1335673554759107,-12.059864816934612
Random110
Raw:6.41444192140827,-6.172739837536961,-1.321341420301355,2.3934373350751916,3.8114422421592513,9.063218752057658,17.52263459007473,-4.598917198915643,2.133567355475911,-12.05986481693461
EFT:6.414441921408271,-6.1727398375369615,-1.3213414203013567,2.393437335075191,3.8114422421592513,9.06321875205766,17.522634590074727,-4.598917198915643,2.1335673554759107,-12.059864816934612
Random111
Raw:6.41444192140827,-6.172739837536961,-1.3213414203013567,2.3934373350751916,3.8114422421592504,9.06321875205766,17.522634590074727,-4.598917198915641,2.1335673554759094,-12.059864816934613
EFT:6.414441921408271,-6.1727398375369615,-1.3213414203013567,2.393437335075191,3.8114422421592513,9.06321875205766,17.522634590074727,-4.598917198915643,2.1335673554759107,-12.059864816934612
Random112
Raw:6.414441921408271,-6.1727398375369615,-1.321341420301355,2.393437335075191,3.811442242159252,9.06321875205766,17.52263459007473,-4.598917198915643,2.1335673554759107,-12.05986481693461
EFT:6.414441921408271,-6.1727398375369615,-1.3213414203013567,2.393437335075191,3.8114422421592513,9.06321875205766,17.522634590074727,-4.598917198915643,2.1335673554759107,-12.059864816934612
Random113
Raw:6.414441921408271,-6.17273983753696,-1.3213414203013567,2.3934373350751903,3.8114422421592513,9.063218752057661,17.52263459007473,-4.598917198915646,2.1335673554759085,-12.059864816934612
EFT:6.414441921408271,-6.1727398375369615,-1.3213414203013567,2.393437335075191,3.8114422421592513,9.06321875205766,17.522634590074727,-4.598917198915643,2.1335673554759107,-12.059864816934612
Random114
Raw:6.414441921408271,-6.1727398375369615,-1.3213414203013534,2.3934373350751916,3.8114422421592504,9.06321875205766,17.52263459007473,-4.598917198915643,2.133567355475911,-12.059864816934612
EFT:6.414441921408271,-6.1727398375369615,-1.3213414203013567,2.393437335075191,3.8114422421592513,9.06321875205766,17.522634590074727,-4.598917198915643,2.1335673554759107,-12.059864816934612
Random115
Raw:6.414441921408271,-6.17273983753696,-1.321341420301355,2.393437335075193,3.811442242159252,9.063218752057658,17.52263459007473,-4.598917198915644,2.1335673554759107,-12.059864816934612
EFT:6.414441921408271,-6.1727398375369615,-1.3213414203013567,2.393437335075191,3.8114422421592513,9.06321875205766,17.522634590074727,-4.598917198915643,2.1335673554759107,-12.059864816934612
Random116
Raw:6.414441921408271,-6.1727398375369615,-1.3213414203013567,2.393437335075192,3.8114422421592504,9.06321875205766,17.522634590074727,-4.598917198915641,2.1335673554759107,-12.059864816934612
EFT:6.414441921408271,-6.1727398375369615,-1.3213414203013567,2.393437335075191,3.8114422421592513,9.06321875205766,17.522634590074727,-4.598917198915644,2.1335673554759103,-12.059864816934612
Random117
Raw:6.41444192140827,-6.1727398375369615,-1.3213414203013556,2.3934373350751916,3.8114422421592513,9.063218752057658,17.522634590074727,-4.598917198915643,2.1335673554759103,-12.059864816934612
EFT:6.414441921408271,-6.1727398375369615,-1.3213414203013567,2.393437335075191,3.8114422421592513,9.06321875205766,17.522634590074727,-4.598917198915643,2.1335673554759107,-12.059864816934612
Random118
Raw:6.41444192140827,-6.1727398375369615,-1.3213414203013567,2.3934373350751907,3.811442242159252,9.06321875205766,17.522634590074727,-4.598917198915643,2.133567355475911,-12.059864816934612
EFT:6.414441921408271,-6.1727398375369615,-1.3213414203013567,2.393437335075191,3.8114422421592513,9.06321875205766,17.522634590074727,-4.598917198915644,2.1335673554759107,-12.059864816934612
Random119
Raw:6.41444192140827,-6.17273983753696,-1.3213414203013552,2.393437335075193,3.8114422421592513,9.06321875205766,17.522634590074727,-4.598917198915643,2.13356735547591,-12.059864816934612
EFT:6.414441921408271,-6.1727398375369615,-1.3213414203013567,2.393437335075191,3.8114422421592513,9.06321875205766,17.522634590074727,-4.598917198915643,2.1335673554759107,-12.059864816934612
Random120
Raw:6.414441921408269,-6.17273983753696,-1.3213414203013585,2.3934373350751903,3.8114422421592513,9.063218752057658,17.52263459007473,-4.598917198915645,2.1335673554759103,-12.05986481693461
EFT:6.414441921408271,-6.1727398375369615,-1.3213414203013567,2.393437335075191,3.8114422421592513,9.06321875205766,17.522634590074727,-4.598917198915644,2.1335673554759107,-12.059864816934612
Random121
Raw:6.41444192140827,-6.1727398375369615,-1.3213414203013567,2.393437335075191,3.8114422421592504,9.063218752057658,17.522634590074723,-4.598917198915642,2.133567355475911,-12.059864816934613
EFT:6.414441921408271,-6.1727398375369615,-1.3213414203013567,2.393437335075191,3.8114422421592513,9.06321875205766,17.522634590074727,-4.598917198915643,2.1335673554759107,-12.059864816934612
Random122
Raw:6.4144419214082715,-6.172739837536961,-1.3213414203013547,2.3934373350751894,3.811442242159253,9.06321875205766,17.522634590074727,-4.598917198915643,2.133567355475911,-12.059864816934612
EFT:6.414441921408271,-6.1727398375369615,-1.3213414203013567,2.393437335075191,3.8114422421592513,9.06321875205766,17.522634590074727,-4.598917198915644,2.1335673554759107,-12.059864816934612
Random123
Raw:6.414441921408271,-6.172739837536961,-1.3213414203013563,2.393437335075192,3.8114422421592504,9.06321875205766,17.522634590074723,-4.598917198915643,2.13356735547591,-12.059864816934612
EFT:6.414441921408271,-6.1727398375369615,-1.3213414203013567,2.393437335075191,3.8114422421592513,9.06321875205766,17.522634590074727,-4.598917198915643,2.1335673554759107,-12.059864816934612
Random124
Raw:6.414441921408268,-6.1727398375369615,-1.321341420301356,2.393437335075191,3.8114422421592504,9.063218752057658,17.522634590074727,-4.598917198915643,2.1335673554759094,-12.059864816934612
EFT:6.414441921408271,-6.1727398375369615,-1.3213414203013567,2.393437335075191,3.8114422421592513,9.06321875205766,17.522634590074727,-4.598917198915643,2.1335673554759107,-12.059864816934612
Random125
Raw:6.414441921408271,-6.1727398375369615,-1.3213414203013567,2.393437335075192,3.8114422421592513,9.06321875205766,17.52263459007473,-4.598917198915642,2.13356735547591,-12.059864816934613
EFT:6.414441921408271,-6.1727398375369615,-1.3213414203013567,2.393437335075191,3.8114422421592513,9.06321875205766,17.522634590074727,-4.598917198915643,2.1335673554759103,-12.059864816934612
Random126
Raw:6.4144419214082715,-6.172739837536961,-1.3213414203013585,2.393437335075191,3.8114422421592513,9.06321875205766,17.522634590074727,-4.598917198915641,2.1335673554759107,-12.059864816934612
EFT:6.414441921408271,-6.1727398375369615,-1.3213414203013567,2.393437335075191,3.8114422421592513,9.06321875205766,17.522634590074727,-4.598917198915643,2.1335673554759107,-12.059864816934612
Random127
Raw:6.414441921408269,-6.172739837536958,-1.321341420301355,2.3934373350751903,3.8114422421592504,9.06321875205766,17.522634590074727,-4.598917198915643,2.1335673554759094,-12.059864816934613
EFT:6.414441921408271,-6.1727398375369615,-1.3213414203013567,2.393437335075191,3.8114422421592513,9.06321875205766,17.522634590074727,-4.598917198915643,2.1335673554759107,-12.059864816934612
Random128
Raw:6.41444192140827,-6.17273983753696,-1.3213414203013567,2.393437335075193,3.8114422421592504,9.06321875205766,17.52263459007473,-4.598917198915645,2.1335673554759103,-12.05986481693461
EFT:6.414441921408271,-6.1727398375369615,-1.3213414203013565,2.393437335075191,3.8114422421592513,9.06321875205766,17.522634590074727,-4.598917198915643,2.1335673554759107,-12.059864816934612
Random129
Raw:6.414441921408269,-6.17273983753696,-1.3213414203013576,2.3934373350751925,3.8114422421592504,9.06321875205766,17.522634590074727,-4.598917198915643,2.13356735547591,-12.059864816934612
EFT:6.414441921408271,-6.1727398375369615,-1.3213414203013567,2.393437335075191,3.8114422421592513,9.06321875205766,17.522634590074727,-4.598917198915643,2.1335673554759107,-12.059864816934612
Random130
Raw:6.414441921408271,-6.1727398375369615,-1.3213414203013576,2.3934373350751903,3.811442242159254,9.06321875205766,17.522634590074727,-4.598917198915643,2.1335673554759116,-12.059864816934612
EFT:6.414441921408271,-6.1727398375369615,-1.3213414203013567,2.393437335075191,3.8114422421592513,9.06321875205766,17.522634590074727,-4.598917198915643,2.1335673554759107,-12.059864816934612
Random131
Raw:6.414441921408271,-6.172739837536961,-1.3213414203013572,2.393437335075192,3.811442242159253,9.06321875205766,17.522634590074727,-4.598917198915646,2.1335673554759107,-12.059864816934612
EFT:6.414441921408271,-6.1727398375369615,-1.3213414203013567,2.393437335075191,3.8114422421592513,9.06321875205766,17.522634590074727,-4.598917198915643,2.1335673554759107,-12.059864816934612
Random132
Raw:6.414441921408271,-6.172739837536961,-1.321341420301355,2.3934373350751903,3.811442242159252,9.06321875205766,17.522634590074727,-4.598917198915643,2.1335673554759103,-12.059864816934612
EFT:6.414441921408271,-6.1727398375369615,-1.3213414203013567,2.393437335075191,3.8114422421592513,9.06321875205766,17.522634590074727,-4.598917198915643,2.1335673554759107,-12.059864816934612
Random133
Raw:6.4144419214082715,-6.172739837536961,-1.3213414203013576,2.3934373350751907,3.8114422421592513,9.06321875205766,17.522634590074727,-4.598917198915641,2.1335673554759103,-12.059864816934612
EFT:6.414441921408271,-6.1727398375369615,-1.3213414203013567,2.393437335075191,3.8114422421592513,9.06321875205766,17.522634590074727,-4.598917198915643,2.1335673554759107,-12.059864816934612
Random134
Raw:6.41444192140827,-6.1727398375369615,-1.3213414203013558,2.393437335075191,3.8114422421592504,9.06321875205766,17.522634590074727,-4.598917198915645,2.1335673554759103,-12.059864816934612
EFT:6.414441921408271,-6.1727398375369615,-1.3213414203013567,2.393437335075191,3.8114422421592513,9.06321875205766,17.522634590074727,-4.598917198915643,2.1335673554759107,-12.059864816934612
Random135
Raw:6.414441921408271,-6.1727398375369615,-1.3213414203013554,2.393437335075193,3.8114422421592504,9.06321875205766,17.522634590074723,-4.598917198915643,2.133567355475912,-12.059864816934612
EFT:6.414441921408271,-6.1727398375369615,-1.3213414203013567,2.393437335075191,3.8114422421592513,9.06321875205766,17.522634590074727,-4.598917198915643,2.1335673554759103,-12.059864816934612
Random136
Raw:6.41444192140827,-6.172739837536961,-1.3213414203013563,2.393437335075192,3.8114422421592487,9.06321875205766,17.522634590074723,-4.598917198915644,2.1335673554759116,-12.059864816934612
EFT:6.414441921408271,-6.1727398375369615,-1.3213414203013567,2.393437335075191,3.8114422421592513,9.06321875205766,17.522634590074727,-4.598917198915643,2.1335673554759107,-12.059864816934612
Random137
Raw:6.414441921408271,-6.1727398375369615,-1.3213414203013574,2.3934373350751903,3.811442242159252,9.06321875205766,17.522634590074723,-4.598917198915641,2.1335673554759094,-12.059864816934612
EFT:6.414441921408271,-6.1727398375369615,-1.3213414203013567,2.393437335075191,3.8114422421592513,9.06321875205766,17.522634590074727,-4.598917198915643,2.1335673554759107,-12.059864816934612
Random138
Raw:6.414441921408269,-6.172739837536961,-1.3213414203013572,2.3934373350751894,3.811442242159252,9.06321875205766,17.52263459007473,-4.598917198915643,2.1335673554759107,-12.059864816934612
EFT:6.414441921408271,-6.1727398375369615,-1.3213414203013567,2.393437335075191,3.8114422421592513,9.06321875205766,17.522634590074727,-4.598917198915643,2.1335673554759107,-12.059864816934612
Random139
Raw:6.414441921408269,-6.172739837536961,-1.3213414203013567,2.3934373350751903,3.8114422421592513,9.06321875205766,17.522634590074727,-4.598917198915643,2.1335673554759107,-12.059864816934612
EFT:6.414441921408271,-6.1727398375369615,-1.3213414203013567,2.393437335075191,3.8114422421592513,9.06321875205766,17.522634590074727,-4.598917198915643,2.1335673554759107,-12.059864816934612
Random140
Raw:6.414441921408269,-6.172739837536962,-1.3213414203013567,2.3934373350751903,3.8114422421592513,9.06321875205766,17.522634590074727,-4.598917198915643,2.1335673554759103,-12.059864816934612
EFT:6.414441921408271,-6.1727398375369615,-1.3213414203013567,2.393437335075191,3.8114422421592513,9.06321875205766,17.522634590074727,-4.598917198915643,2.1335673554759107,-12.059864816934612
Random141
Raw:6.414441921408271,-6.172739837536961,-1.3213414203013576,2.3934373350751903,3.8114422421592504,9.063218752057661,17.522634590074723,-4.598917198915644,2.133567355475912,-12.059864816934612
EFT:6.414441921408271,-6.1727398375369615,-1.3213414203013567,2.393437335075191,3.8114422421592513,9.06321875205766,17.522634590074727,-4.598917198915643,2.1335673554759107,-12.059864816934612
Random142
Raw:6.414441921408271,-6.172739837536962,-1.3213414203013572,2.3934373350751907,3.811442242159252,9.063218752057661,17.522634590074727,-4.598917198915641,2.133567355475912,-12.059864816934612
EFT:6.414441921408271,-6.1727398375369615,-1.3213414203013565,2.393437335075191,3.8114422421592513,9.06321875205766,17.522634590074727,-4.598917198915644,2.1335673554759107,-12.059864816934612
Random143
Raw:6.41444192140827,-6.17273983753696,-1.3213414203013585,2.3934373350751903,3.8114422421592504,9.063218752057658,17.522634590074723,-4.598917198915644,2.133567355475911,-12.059864816934612
EFT:6.414441921408271,-6.1727398375369615,-1.3213414203013567,2.393437335075191,3.8114422421592513,9.06321875205766,17.522634590074727,-4.598917198915643,2.1335673554759107,-12.059864816934612
Random144
Raw:6.41444192140827,-6.172739837536961,-1.3213414203013556,2.3934373350751903,3.8114422421592513,9.06321875205766,17.522634590074727,-4.598917198915645,2.1335673554759107,-12.059864816934612
EFT:6.414441921408271,-6.1727398375369615,-1.3213414203013567,2.393437335075191,3.8114422421592513,9.06321875205766,17.522634590074727,-4.598917198915643,2.1335673554759107,-12.059864816934612
Random145
Raw:6.414441921408271,-6.17273983753696,-1.3213414203013572,2.3934373350751903,3.8114422421592513,9.063218752057658,17.52263459007473,-4.598917198915643,2.1335673554759094,-12.059864816934612
EFT:6.414441921408271,-6.1727398375369615,-1.3213414203013567,2.393437335075191,3.8114422421592513,9.06321875205766,17.522634590074727,-4.598917198915643,2.1335673554759107,-12.059864816934612
Random146
Raw:6.4144419214082715,-6.172739837536961,-1.3213414203013565,2.3934373350751903,3.811442242159254,9.06321875205766,17.522634590074727,-4.598917198915643,2.13356735547591,-12.059864816934612
EFT:6.414441921408271,-6.1727398375369615,-1.3213414203013567,2.393437335075191,3.8114422421592513,9.06321875205766,17.522634590074727,-4.598917198915643,2.1335673554759107,-12.059864816934612
Random147
Raw:6.4144419214082715,-6.172739837536961,-1.3213414203013558,2.3934373350751916,3.811442242159252,9.063218752057658,17.52263459007473,-4.5989171989156485,2.1335673554759107,-12.059864816934612
EFT:6.414441921408271,-6.1727398375369615,-1.3213414203013567,2.393437335075191,3.8114422421592513,9.06321875205766,17.522634590074727,-4.598917198915644,2.1335673554759107,-12.059864816934612
Random148
Raw:6.414441921408269,-6.172739837536961,-1.3213414203013565,2.3934373350751907,3.8114422421592513,9.06321875205766,17.522634590074734,-4.598917198915643,2.133567355475912,-12.059864816934612
EFT:6.414441921408271,-6.1727398375369615,-1.3213414203013567,2.393437335075191,3.8114422421592513,9.06321875205766,17.522634590074727,-4.598917198915643,2.1335673554759107,-12.059864816934612
Random149
Raw:6.414441921408271,-6.172739837536962,-1.3213414203013567,2.3934373350751894,3.811442242159252,9.06321875205766,17.522634590074727,-4.598917198915643,2.1335673554759107,-12.059864816934612
EFT:6.414441921408271,-6.1727398375369615,-1.3213414203013567,2.393437335075191,3.8114422421592513,9.06321875205766,17.522634590074727,-4.598917198915643,2.1335673554759107,-12.059864816934612
Random150
Raw:6.414441921408271,-6.172739837536961,-1.3213414203013567,2.393437335075191,3.8114422421592495,9.063218752057658,17.522634590074727,-4.598917198915644,2.133567355475911,-12.059864816934612
EFT:6.414441921408271,-6.1727398375369615,-1.3213414203013567,2.393437335075191,3.8114422421592513,9.06321875205766,17.522634590074727,-4.598917198915643,2.1335673554759107,-12.059864816934612
Random151
Raw:6.414441921408271,-6.172739837536961,-1.3213414203013563,2.3934373350751916,3.811442242159254,9.063218752057658,17.522634590074723,-4.598917198915643,2.133567355475911,-12.059864816934612
EFT:6.414441921408271,-6.1727398375369615,-1.3213414203013567,2.393437335075191,3.8114422421592513,9.06321875205766,17.522634590074727,-4.598917198915643,2.1335673554759107,-12.059864816934612
Random152
Raw:6.414441921408271,-6.172739837536962,-1.3213414203013567,2.3934373350751916,3.8114422421592513,9.06321875205766,17.522634590074723,-4.598917198915644,2.1335673554759107,-12.059864816934613
EFT:6.414441921408271,-6.1727398375369615,-1.3213414203013567,2.393437335075191,3.8114422421592513,9.06321875205766,17.522634590074727,-4.598917198915643,2.1335673554759107,-12.059864816934612
Random153
Raw:6.414441921408271,-6.172739837536961,-1.3213414203013567,2.3934373350751907,3.8114422421592495,9.06321875205766,17.522634590074723,-4.598917198915643,2.133567355475911,-12.059864816934612
EFT:6.414441921408271,-6.1727398375369615,-1.3213414203013567,2.393437335075191,3.8114422421592513,9.06321875205766,17.522634590074727,-4.598917198915643,2.1335673554759107,-12.059864816934612
Random154
Raw:6.414441921408271,-6.172739837536962,-1.3213414203013576,2.3934373350751907,3.811442242159252,9.063218752057661,17.522634590074727,-4.598917198915643,2.1335673554759107,-12.059864816934612
EFT:6.414441921408271,-6.1727398375369615,-1.3213414203013567,2.393437335075191,3.8114422421592513,9.06321875205766,17.522634590074727,-4.598917198915643,2.1335673554759107,-12.059864816934612
Random155
Raw:6.414441921408271,-6.172739837536962,-1.3213414203013563,2.3934373350751894,3.8114422421592513,9.06321875205766,17.522634590074727,-4.598917198915641,2.1335673554759103,-12.059864816934612
EFT:6.414441921408271,-6.1727398375369615,-1.3213414203013567,2.393437335075191,3.8114422421592513,9.06321875205766,17.522634590074727,-4.598917198915643,2.1335673554759107,-12.059864816934612
Random156
Raw:6.414441921408269,-6.172739837536962,-1.3213414203013585,2.393437335075191,3.811442242159252,9.06321875205766,17.522634590074727,-4.598917198915643,2.1335673554759103,-12.059864816934612
EFT:6.414441921408271,-6.1727398375369615,-1.3213414203013567,2.393437335075191,3.8114422421592513,9.06321875205766,17.522634590074727,-4.598917198915643,2.1335673554759107,-12.059864816934612
Random157
Raw:6.414441921408269,-6.1727398375369615,-1.3213414203013567,2.3934373350751916,3.8114422421592504,9.06321875205766,17.52263459007473,-4.598917198915645,2.13356735547591,-12.059864816934612
EFT:6.414441921408271,-6.1727398375369615,-1.3213414203013567,2.393437335075191,3.8114422421592513,9.06321875205766,17.522634590074727,-4.598917198915643,2.1335673554759107,-12.059864816934612
Random158
Raw:6.414441921408271,-6.172739837536959,-1.3213414203013576,2.393437335075191,3.811442242159255,9.063218752057663,17.522634590074723,-4.598917198915643,2.1335673554759103,-12.059864816934612
EFT:6.414441921408271,-6.1727398375369615,-1.3213414203013567,2.393437335075191,3.8114422421592513,9.06321875205766,17.522634590074727,-4.598917198915643,2.1335673554759103,-12.059864816934612
Random159
Raw:6.4144419214082715,-6.1727398375369615,-1.3213414203013567,2.393437335075192,3.8114422421592513,9.063218752057658,17.52263459007473,-4.598917198915647,2.1335673554759107,-12.059864816934612
EFT:6.414441921408271,-6.1727398375369615,-1.3213414203013567,2.393437335075191,3.8114422421592513,9.06321875205766,17.522634590074727,-4.598917198915643,2.1335673554759107,-12.059864816934612
Random160
Raw:6.414441921408271,-6.17273983753696,-1.3213414203013576,2.393437335075191,3.8114422421592513,9.06321875205766,17.522634590074734,-4.598917198915641,2.1335673554759107,-12.059864816934612
EFT:6.414441921408271,-6.1727398375369615,-1.3213414203013567,2.393437335075191,3.8114422421592513,9.06321875205766,17.522634590074727,-4.598917198915643,2.1335673554759107,-12.059864816934612
Random161
Raw:6.414441921408272,-6.17273983753696,-1.3213414203013576,2.3934373350751903,3.811442242159252,9.06321875205766,17.522634590074727,-4.598917198915645,2.1335673554759103,-12.059864816934612
EFT:6.414441921408271,-6.1727398375369615,-1.3213414203013567,2.393437335075191,3.8114422421592513,9.06321875205766,17.522634590074727,-4.598917198915644,2.1335673554759107,-12.059864816934612
Random162
Raw:6.4144419214082715,-6.1727398375369615,-1.3213414203013572,2.39343733507519,3.811442242159254,9.06321875205766,17.522634590074723,-4.598917198915643,2.133567355475911,-12.059864816934612
EFT:6.414441921408271,-6.1727398375369615,-1.3213414203013567,2.393437335075191,3.8114422421592513,9.06321875205766,17.522634590074727,-4.598917198915643,2.1335673554759107,-12.059864816934612
Random163
Raw:6.414441921408271,-6.17273983753696,-1.3213414203013572,2.393437335075191,3.811442242159252,9.06321875205766,17.522634590074727,-4.598917198915643,2.133567355475911,-12.059864816934612
EFT:6.414441921408271,-6.1727398375369615,-1.3213414203013567,2.393437335075191,3.8114422421592513,9.06321875205766,17.522634590074727,-4.598917198915643,2.1335673554759107,-12.059864816934612
Random164
Raw:6.414441921408271,-6.172739837536961,-1.3213414203013563,2.3934373350751903,3.811442242159252,9.06321875205766,17.522634590074727,-4.598917198915647,2.1335673554759116,-12.059864816934612
EFT:6.414441921408271,-6.1727398375369615,-1.3213414203013567,2.393437335075191,3.8114422421592513,9.06321875205766,17.522634590074727,-4.598917198915643,2.1335673554759103,-12.059864816934612
Random165
Raw:6.414441921408271,-6.172739837536961,-1.3213414203013567,2.393437335075192,3.8114422421592504,9.06321875205766,17.522634590074727,-4.598917198915648,2.1335673554759103,-12.059864816934612
EFT:6.414441921408271,-6.1727398375369615,-1.3213414203013567,2.393437335075191,3.8114422421592513,9.06321875205766,17.522634590074727,-4.598917198915643,2.1335673554759107,-12.059864816934612
Random166
Raw:6.414441921408269,-6.17273983753696,-1.3213414203013558,2.393437335075191,3.811442242159252,9.06321875205766,17.522634590074727,-4.598917198915643,2.1335673554759103,-12.059864816934612
EFT:6.414441921408271,-6.1727398375369615,-1.3213414203013567,2.393437335075191,3.8114422421592513,9.06321875205766,17.522634590074727,-4.598917198915643,2.1335673554759107,-12.059864816934612
Random167
Raw:6.414441921408269,-6.172739837536961,-1.321341420301359,2.393437335075191,3.811442242159253,9.06321875205766,17.52263459007473,-4.598917198915642,2.133567355475911,-12.059864816934612
EFT:6.414441921408271,-6.1727398375369615,-1.3213414203013567,2.393437335075191,3.8114422421592513,9.06321875205766,17.522634590074727,-4.598917198915643,2.1335673554759103,-12.059864816934612
Random168
Raw:6.414441921408271,-6.172739837536961,-1.3213414203013558,2.393437335075191,3.811442242159252,9.06321875205766,17.52263459007473,-4.598917198915643,2.1335673554759107,-12.059864816934613
EFT:6.414441921408271,-6.1727398375369615,-1.3213414203013567,2.393437335075191,3.8114422421592513,9.06321875205766,17.522634590074727,-4.598917198915644,2.1335673554759107,-12.059864816934612
Random169
Raw:6.414441921408269,-6.17273983753696,-1.3213414203013558,2.3934373350751925,3.8114422421592513,9.063218752057661,17.522634590074727,-4.598917198915642,2.13356735547591,-12.059864816934612
EFT:6.414441921408271,-6.1727398375369615,-1.3213414203013567,2.393437335075191,3.8114422421592513,9.06321875205766,17.522634590074727,-4.598917198915643,2.1335673554759107,-12.059864816934612
Random170
Raw:6.414441921408269,-6.172739837536961,-1.3213414203013572,2.3934373350751925,3.8114422421592593,9.06321875205766,17.522634590074723,-4.598917198915644,2.1335673554759103,-12.059864816934613
EFT:6.414441921408271,-6.1727398375369615,-1.3213414203013565,2.393437335075191,3.8114422421592513,9.06321875205766,17.522634590074727,-4.598917198915643,2.1335673554759107,-12.059864816934612
Random171
Raw:6.414441921408269,-6.1727398375369615,-1.3213414203013567,2.3934373350751903,3.8114422421592504,9.063218752057661,17.522634590074723,-4.598917198915641,2.133567355475911,-12.059864816934612
EFT:6.414441921408271,-6.1727398375369615,-1.3213414203013567,2.393437335075191,3.8114422421592513,9.06321875205766,17.522634590074727,-4.598917198915643,2.1335673554759107,-12.059864816934612
Random172
Raw:6.414441921408271,-6.172739837536961,-1.3213414203013574,2.3934373350751894,3.8114422421592504,9.063218752057658,17.52263459007473,-4.598917198915643,2.1335673554759094,-12.05986481693461
EFT:6.414441921408271,-6.1727398375369615,-1.3213414203013567,2.393437335075191,3.8114422421592513,9.06321875205766,17.522634590074727,-4.598917198915643,2.1335673554759107,-12.059864816934612
Random173
Raw:6.41444192140827,-6.172739837536959,-1.3213414203013565,2.3934373350751903,3.8114422421592495,9.06321875205766,17.522634590074727,-4.598917198915643,2.133567355475911,-12.059864816934613
EFT:6.414441921408271,-6.1727398375369615,-1.3213414203013567,2.393437335075191,3.8114422421592513,9.06321875205766,17.522634590074727,-4.598917198915643,2.1335673554759103,-12.059864816934612
Random174
Raw:6.414441921408268,-6.172739837536961,-1.3213414203013574,2.3934373350751916,3.811442242159253,9.063218752057661,17.522634590074727,-4.598917198915642,2.1335673554759103,-12.059864816934612
EFT:6.414441921408271,-6.1727398375369615,-1.3213414203013567,2.393437335075191,3.8114422421592513,9.06321875205766,17.522634590074727,-4.598917198915643,2.1335673554759107,-12.059864816934612
Random175
Raw:6.4144419214082715,-6.172739837536961,-1.3213414203013576,2.393437335075191,3.8114422421592504,9.06321875205766,17.52263459007473,-4.5989171989156485,2.1335673554759116,-12.059864816934612
EFT:6.414441921408271,-6.1727398375369615,-1.3213414203013567,2.393437335075191,3.8114422421592513,9.06321875205766,17.522634590074727,-4.598917198915643,2.1335673554759107,-12.059864816934612
Random176
Raw:6.414441921408272,-6.17273983753696,-1.3213414203013567,2.393437335075191,3.811442242159252,9.063218752057661,17.522634590074727,-4.598917198915645,2.1335673554759107,-12.059864816934612
EFT:6.414441921408271,-6.1727398375369615,-1.3213414203013565,2.393437335075191,3.8114422421592513,9.06321875205766,17.522634590074727,-4.598917198915643,2.1335673554759107,-12.059864816934612
Random177
Raw:6.414441921408271,-6.1727398375369615,-1.3213414203013567,2.3934373350751885,3.811442242159252,9.06321875205766,17.522634590074727,-4.598917198915643,2.1335673554759107,-12.059864816934612
EFT:6.414441921408271,-6.1727398375369615,-1.3213414203013567,2.393437335075191,3.8114422421592513,9.06321875205766,17.522634590074727,-4.598917198915643,2.1335673554759107,-12.059864816934612
Random178
Raw:6.414441921408271,-6.1727398375369615,-1.3213414203013585,2.393437335075191,3.811442242159254,9.06321875205766,17.522634590074727,-4.598917198915643,2.1335673554759107,-12.059864816934612
EFT:6.414441921408271,-6.1727398375369615,-1.3213414203013567,2.393437335075191,3.8114422421592513,9.06321875205766,17.522634590074727,-4.598917198915643,2.1335673554759107,-12.059864816934612
Random179
Raw:6.414441921408271,-6.172739837536962,-1.3213414203013585,2.3934373350751903,3.811442242159252,9.06321875205766,17.522634590074727,-4.598917198915648,2.1335673554759107,-12.059864816934612
EFT:6.414441921408271,-6.1727398375369615,-1.3213414203013567,2.393437335075191,3.8114422421592513,9.06321875205766,17.522634590074727,-4.598917198915643,2.1335673554759107,-12.059864816934612
Random180
Raw:6.414441921408268,-6.1727398375369615,-1.3213414203013567,2.3934373350751903,3.8114422421592504,9.06321875205766,17.522634590074727,-4.598917198915644,2.133567355475911,-12.059864816934612
EFT:6.414441921408271,-6.1727398375369615,-1.3213414203013565,2.393437335075191,3.8114422421592513,9.06321875205766,17.522634590074727,-4.598917198915643,2.1335673554759107,-12.059864816934612
Random181
Raw:6.414441921408269,-6.1727398375369615,-1.3213414203013572,2.3934373350751916,3.811442242159252,9.06321875205766,17.522634590074723,-4.598917198915643,2.133567355475912,-12.059864816934612
EFT:6.414441921408271,-6.1727398375369615,-1.3213414203013567,2.393437335075191,3.8114422421592513,9.06321875205766,17.522634590074727,-4.598917198915643,2.1335673554759107,-12.059864816934612
Random182
Raw:6.414441921408269,-6.172739837536961,-1.3213414203013558,2.3934373350751907,3.8114422421592513,9.063218752057658,17.522634590074727,-4.598917198915646,2.133567355475911,-12.059864816934612
EFT:6.414441921408271,-6.1727398375369615,-1.3213414203013567,2.393437335075191,3.8114422421592513,9.06321875205766,17.522634590074727,-4.598917198915643,2.1335673554759107,-12.059864816934612
Random183
Raw:6.41444192140827,-6.172739837536962,-1.3213414203013567,2.3934373350751903,3.811442242159252,9.06321875205766,17.52263459007473,-4.598917198915644,2.1335673554759116,-12.059864816934612
EFT:6.414441921408271,-6.1727398375369615,-1.3213414203013567,2.393437335075191,3.8114422421592513,9.06321875205766,17.522634590074727,-4.598917198915643,2.1335673554759107,-12.059864816934612
Random184
Raw:6.414441921408271,-6.17273983753696,-1.3213414203013567,2.3934373350751916,3.8114422421592513,9.06321875205766,17.522634590074727,-4.598917198915643,2.133567355475911,-12.059864816934612
EFT:6.414441921408271,-6.1727398375369615,-1.3213414203013567,2.393437335075191,3.8114422421592513,9.06321875205766,17.522634590074727,-4.598917198915643,2.1335673554759107,-12.059864816934612
Random185
Raw:6.4144419214082715,-6.172739837536961,-1.3213414203013585,2.3934373350751907,3.811442242159252,9.06321875205766,17.522634590074727,-4.598917198915643,2.1335673554759107,-12.059864816934612
EFT:6.414441921408271,-6.1727398375369615,-1.3213414203013567,2.393437335075191,3.8114422421592513,9.06321875205766,17.522634590074727,-4.598917198915643,2.1335673554759107,-12.059864816934612
Random186
Raw:6.41444192140827,-6.172739837536961,-1.3213414203013567,2.3934373350751903,3.8114422421592495,9.063218752057658,17.522634590074727,-4.598917198915643,2.1335673554759116,-12.059864816934612
EFT:6.414441921408271,-6.1727398375369615,-1.3213414203013567,2.393437335075191,3.8114422421592513,9.06321875205766,17.522634590074727,-4.598917198915643,2.1335673554759107,-12.059864816934612
Random187
Raw:6.414441921408271,-6.172739837536961,-1.3213414203013585,2.3934373350751903,3.8114422421592558,9.06321875205766,17.522634590074727,-4.598917198915643,2.133567355475912,-12.059864816934612
EFT:6.414441921408271,-6.1727398375369615,-1.3213414203013567,2.393437335075191,3.8114422421592513,9.06321875205766,17.522634590074727,-4.598917198915644,2.1335673554759107,-12.059864816934612
Random188
Raw:6.414441921408271,-6.172739837536961,-1.3213414203013558,2.3934373350751903,3.811442242159252,9.06321875205766,17.522634590074727,-4.598917198915644,2.1335673554759103,-12.059864816934612
EFT:6.414441921408271,-6.1727398375369615,-1.3213414203013567,2.393437335075191,3.8114422421592513,9.06321875205766,17.522634590074727,-4.598917198915644,2.1335673554759107,-12.059864816934612
Random189
Raw:6.41444192140827,-6.172739837536961,-1.3213414203013567,2.393437335075192,3.8114422421592504,9.06321875205766,17.522634590074727,-4.5989171989156405,2.13356735547591,-12.059864816934612
EFT:6.414441921408271,-6.1727398375369615,-1.3213414203013567,2.393437335075191,3.8114422421592513,9.06321875205766,17.522634590074727,-4.598917198915643,2.1335673554759107,-12.059864816934612
Random190
Raw:6.414441921408271,-6.17273983753696,-1.3213414203013585,2.3934373350751916,3.8114422421592513,9.06321875205766,17.52263459007473,-4.598917198915644,2.1335673554759103,-12.059864816934612
EFT:6.414441921408271,-6.1727398375369615,-1.3213414203013567,2.393437335075191,3.8114422421592513,9.06321875205766,17.522634590074727,-4.598917198915643,2.1335673554759107,-12.059864816934612
Random191
Raw:6.414441921408271,-6.1727398375369615,-1.321341420301358,2.39343733507519,3.8114422421592513,9.063218752057658,17.52263459007473,-4.598917198915641,2.1335673554759103,-12.059864816934612
EFT:6.414441921408271,-6.1727398375369615,-1.3213414203013567,2.393437335075191,3.8114422421592513,9.06321875205766,17.522634590074727,-4.598917198915643,2.1335673554759107,-12.059864816934612
Random192
Raw:6.414441921408271,-6.172739837536962,-1.3213414203013576,2.3934373350751903,3.811442242159252,9.06321875205766,17.522634590074727,-4.598917198915644,2.1335673554759107,-12.059864816934612
EFT:6.414441921408271,-6.1727398375369615,-1.3213414203013567,2.393437335075191,3.8114422421592513,9.06321875205766,17.522634590074727,-4.598917198915643,2.1335673554759107,-12.059864816934612
Random193
Raw:6.414441921408271,-6.172739837536961,-1.3213414203013585,2.3934373350751916,3.811442242159252,9.063218752057658,17.52263459007473,-4.598917198915643,2.1335673554759107,-12.059864816934612
EFT:6.414441921408271,-6.1727398375369615,-1.3213414203013567,2.393437335075191,3.8114422421592513,9.06321875205766,17.522634590074727,-4.598917198915643,2.1335673554759107,-12.059864816934612
Random194
Raw:6.414441921408271,-6.1727398375369615,-1.3213414203013567,2.393437335075191,3.8114422421592504,9.06321875205766,17.52263459007473,-4.598917198915646,2.13356735547591,-12.059864816934612
EFT:6.414441921408271,-6.1727398375369615,-1.3213414203013567,2.393437335075191,3.8114422421592513,9.06321875205766,17.522634590074727,-4.598917198915643,2.1335673554759107,-12.059864816934612
Random195
Raw:6.41444192140827,-6.1727398375369615,-1.321341420301358,2.3934373350751903,3.8114422421592504,9.06321875205766,17.52263459007473,-4.598917198915644,2.1335673554759094,-12.05986481693461
EFT:6.414441921408271,-6.1727398375369615,-1.3213414203013567,2.393437335075191,3.8114422421592513,9.06321875205766,17.522634590074727,-4.598917198915643,2.1335673554759107,-12.059864816934612
Random196
Raw:6.414441921408271,-6.172739837536961,-1.3213414203013567,2.393437335075191,3.8114422421592504,9.06321875205766,17.522634590074727,-4.598917198915643,2.133567355475912,-12.059864816934612
EFT:6.414441921408271,-6.1727398375369615,-1.3213414203013567,2.393437335075191,3.8114422421592513,9.06321875205766,17.522634590074727,-4.598917198915643,2.1335673554759107,-12.059864816934612
Random197
Raw:6.414441921408271,-6.172739837536962,-1.3213414203013585,2.3934373350751916,3.8114422421592513,9.06321875205766,17.522634590074727,-4.598917198915643,2.1335673554759103,-12.059864816934613
EFT:6.414441921408271,-6.1727398375369615,-1.3213414203013567,2.393437335075191,3.8114422421592513,9.06321875205766,17.522634590074727,-4.598917198915643,2.1335673554759107,-12.059864816934612
Random198
Raw:6.414441921408269,-6.1727398375369615,-1.3213414203013556,2.3934373350751916,3.811442242159252,9.06321875205766,17.52263459007473,-4.598917198915645,2.1335673554759107,-12.059864816934612
EFT:6.414441921408271,-6.1727398375369615,-1.3213414203013567,2.393437335075191,3.8114422421592513,9.06321875205766,17.522634590074727,-4.598917198915643,2.1335673554759107,-12.059864816934612
Random199
Raw:6.4144419214082715,-6.1727398375369615,-1.3213414203013585,2.3934373350751907,3.8114422421592487,9.06321875205766,17.52263459007473,-4.598917198915641,2.133567355475911,-12.059864816934612
EFT:6.414441921408271,-6.1727398375369615,-1.3213414203013567,2.393437335075191,3.8114422421592513,9.06321875205766,17.522634590074727,-4.598917198915643,2.1335673554759107,-12.059864816934612
Random200
Raw:6.414441921408271,-6.172739837536961,-1.3213414203013594,2.393437335075192,3.8114422421592513,9.063218752057658,17.522634590074723,-4.598917198915643,2.1335673554759103,-12.059864816934612
EFT:6.414441921408271,-6.1727398375369615,-1.3213414203013567,2.393437335075191,3.8114422421592513,9.06321875205766,17.522634590074727,-4.598917198915643,2.1335673554759107,-12.059864816934612
Random201
Raw:6.414441921408271,-6.172739837536962,-1.3213414203013585,2.3934373350751925,3.8114422421592513,9.063218752057658,17.52263459007473,-4.598917198915647,2.1335673554759116,-12.059864816934612
EFT:6.414441921408271,-6.1727398375369615,-1.3213414203013567,2.393437335075191,3.8114422421592513,9.06321875205766,17.522634590074727,-4.598917198915643,2.1335673554759107,-12.059864816934612
Random202
Raw:6.4144419214082715,-6.1727398375369615,-1.321341420301356,2.3934373350751903,3.811442242159252,9.06321875205766,17.522634590074727,-4.598917198915643,2.1335673554759094,-12.059864816934612
EFT:6.414441921408271,-6.1727398375369615,-1.3213414203013567,2.393437335075191,3.8114422421592513,9.06321875205766,17.522634590074727,-4.598917198915643,2.1335673554759107,-12.059864816934612
Random203
Raw:6.414441921408269,-6.172739837536961,-1.3213414203013576,2.3934373350751894,3.811442242159252,9.06321875205766,17.52263459007473,-4.598917198915642,2.1335673554759103,-12.059864816934612
EFT:6.414441921408271,-6.1727398375369615,-1.3213414203013567,2.393437335075191,3.8114422421592513,9.06321875205766,17.522634590074727,-4.598917198915643,2.1335673554759107,-12.059864816934612
Random204
Raw:6.41444192140827,-6.172739837536961,-1.3213414203013576,2.3934373350751907,3.8114422421592513,9.06321875205766,17.522634590074727,-4.598917198915641,2.1335673554759107,-12.059864816934612
EFT:6.414441921408271,-6.1727398375369615,-1.3213414203013567,2.393437335075191,3.8114422421592513,9.06321875205766,17.522634590074727,-4.598917198915643,2.1335673554759107,-12.059864816934612
Random205
Raw:6.4144419214082715,-6.172739837536961,-1.3213414203013567,2.393437335075191,3.811442242159252,9.06321875205766,17.522634590074723,-4.598917198915641,2.1335673554759094,-12.059864816934612
EFT:6.414441921408271,-6.1727398375369615,-1.3213414203013567,2.393437335075191,3.8114422421592513,9.06321875205766,17.522634590074727,-4.598917198915644,2.1335673554759107,-12.059864816934612
Random206
Raw:6.41444192140827,-6.1727398375369615,-1.3213414203013558,2.3934373350751907,3.811442242159252,9.063218752057658,17.522634590074723,-4.598917198915643,2.133567355475911,-12.059864816934612
EFT:6.414441921408271,-6.1727398375369615,-1.3213414203013567,2.393437335075191,3.8114422421592513,9.06321875205766,17.522634590074727,-4.598917198915643,2.1335673554759107,-12.059864816934612
Random207
Raw:6.414441921408271,-6.1727398375369615,-1.3213414203013563,2.3934373350751903,3.8114422421592513,9.063218752057661,17.522634590074727,-4.598917198915642,2.133567355475912,-12.059864816934612
EFT:6.414441921408271,-6.1727398375369615,-1.3213414203013567,2.393437335075191,3.8114422421592513,9.06321875205766,17.522634590074727,-4.598917198915643,2.1335673554759107,-12.059864816934612
Random208
Raw:6.414441921408271,-6.1727398375369615,-1.3213414203013554,2.3934373350751894,3.811442242159253,9.06321875205766,17.522634590074723,-4.598917198915643,2.1335673554759125,-12.059864816934612
EFT:6.414441921408271,-6.1727398375369615,-1.3213414203013567,2.393437335075191,3.8114422421592513,9.06321875205766,17.522634590074727,-4.598917198915643,2.1335673554759107,-12.059864816934612
Random209
Raw:6.41444192140827,-6.1727398375369615,-1.3213414203013567,2.393437335075191,3.811442242159253,9.06321875205766,17.522634590074727,-4.598917198915643,2.133567355475911,-12.05986481693461
EFT:6.414441921408271,-6.1727398375369615,-1.3213414203013567,2.393437335075191,3.8114422421592513,9.06321875205766,17.522634590074727,-4.598917198915643,2.1335673554759107,-12.059864816934612
Random210
Raw:6.414441921408271,-6.172739837536961,-1.3213414203013558,2.3934373350751916,3.811442242159252,9.06321875205766,17.522634590074727,-4.598917198915643,2.1335673554759116,-12.059864816934612
EFT:6.414441921408271,-6.1727398375369615,-1.3213414203013567,2.393437335075191,3.8114422421592513,9.06321875205766,17.522634590074727,-4.598917198915643,2.1335673554759107,-12.059864816934612
Random211
Raw:6.414441921408271,-6.1727398375369615,-1.3213414203013554,2.3934373350751916,3.811442242159252,9.06321875205766,17.522634590074727,-4.598917198915643,2.133567355475912,-12.059864816934612
EFT:6.414441921408271,-6.1727398375369615,-1.3213414203013567,2.393437335075191,3.8114422421592513,9.06321875205766,17.522634590074727,-4.598917198915643,2.1335673554759103,-12.059864816934612
Random212
Raw:6.41444192140827,-6.1727398375369615,-1.3213414203013576,2.39343733507519,3.811442242159252,9.06321875205766,17.522634590074723,-4.598917198915643,2.1335673554759107,-12.059864816934612
EFT:6.414441921408271,-6.1727398375369615,-1.3213414203013567,2.393437335075191,3.8114422421592513,9.06321875205766,17.522634590074727,-4.598917198915643,2.1335673554759107,-12.059864816934612
Random213
Raw:6.414441921408271,-6.172739837536961,-1.3213414203013545,2.39343733507519,3.8114422421592504,9.06321875205766,17.52263459007473,-4.598917198915643,2.1335673554759103,-12.05986481693461
EFT:6.414441921408271,-6.1727398375369615,-1.3213414203013565,2.393437335075191,3.8114422421592513,9.06321875205766,17.522634590074727,-4.598917198915643,2.1335673554759107,-12.059864816934612
Random214
Raw:6.414441921408271,-6.17273983753696,-1.3213414203013558,2.3934373350751894,3.8114422421592504,9.06321875205766,17.522634590074727,-4.598917198915643,2.133567355475911,-12.059864816934612
EFT:6.414441921408271,-6.1727398375369615,-1.3213414203013567,2.393437335075191,3.8114422421592513,9.06321875205766,17.522634590074727,-4.598917198915643,2.1335673554759103,-12.059864816934612
Random215
Raw:6.41444192140827,-6.172739837536961,-1.3213414203013585,2.393437335075191,3.811442242159253,9.06321875205766,17.522634590074727,-4.598917198915647,2.1335673554759103,-12.059864816934612
EFT:6.414441921408271,-6.1727398375369615,-1.3213414203013567,2.393437335075191,3.8114422421592513,9.06321875205766,17.522634590074727,-4.598917198915644,2.1335673554759107,-12.059864816934612
Random216
Raw:6.41444192140827,-6.172739837536961,-1.3213414203013576,2.393437335075191,3.811442242159254,9.063218752057661,17.522634590074723,-4.598917198915647,2.1335673554759125,-12.059864816934612
EFT:6.414441921408271,-6.1727398375369615,-1.3213414203013567,2.393437335075191,3.8114422421592513,9.06321875205766,17.522634590074727,-4.598917198915643,2.1335673554759103,-12.059864816934612
Random217
Raw:6.41444192140827,-6.17273983753696,-1.3213414203013567,2.3934373350751907,3.811442242159255,9.06321875205766,17.522634590074727,-4.598917198915643,2.1335673554759103,-12.059864816934613
EFT:6.414441921408271,-6.1727398375369615,-1.3213414203013567,2.393437335075191,3.8114422421592513,9.06321875205766,17.522634590074727,-4.598917198915643,2.1335673554759107,-12.059864816934612
Random218
Raw:6.41444192140827,-6.172739837536961,-1.321341420301355,2.3934373350751907,3.8114422421592504,9.06321875205766,17.522634590074727,-4.598917198915643,2.1335673554759103,-12.059864816934612
EFT:6.414441921408271,-6.1727398375369615,-1.3213414203013567,2.393437335075191,3.8114422421592513,9.06321875205766,17.522634590074727,-4.598917198915643,2.1335673554759107,-12.059864816934612
Random219
Raw:6.414441921408271,-6.1727398375369615,-1.3213414203013591,2.39343733507519,3.811442242159252,9.06321875205766,17.522634590074723,-4.598917198915643,2.1335673554759103,-12.059864816934612
EFT:6.414441921408271,-6.1727398375369615,-1.3213414203013565,2.393437335075191,3.8114422421592513,9.06321875205766,17.522634590074727,-4.598917198915644,2.1335673554759107,-12.059864816934612
Random220
Raw:6.414441921408269,-6.1727398375369615,-1.3213414203013567,2.39343733507519,3.811442242159252,9.06321875205766,17.522634590074727,-4.598917198915643,2.1335673554759103,-12.05986481693461
EFT:6.414441921408271,-6.1727398375369615,-1.3213414203013567,2.393437335075191,3.8114422421592513,9.06321875205766,17.522634590074727,-4.598917198915643,2.1335673554759107,-12.059864816934612
Random221
Raw:6.414441921408271,-6.17273983753696,-1.3213414203013576,2.3934373350751903,3.8114422421592504,9.06321875205766,17.522634590074734,-4.598917198915643,2.1335673554759094,-12.059864816934612
EFT:6.414441921408271,-6.1727398375369615,-1.3213414203013567,2.393437335075191,3.8114422421592513,9.06321875205766,17.522634590074727,-4.598917198915643,2.1335673554759107,-12.059864816934612
Random222
Raw:6.4144419214082715,-6.172739837536961,-1.3213414203013558,2.393437335075191,3.811442242159253,9.06321875205766,17.522634590074723,-4.598917198915643,2.133567355475911,-12.059864816934612
EFT:6.414441921408271,-6.1727398375369615,-1.3213414203013567,2.393437335075191,3.8114422421592513,9.06321875205766,17.522634590074727,-4.598917198915643,2.1335673554759103,-12.059864816934612
Random223
Raw:6.41444192140827,-6.172739837536961,-1.3213414203013576,2.3934373350751903,3.8114422421592513,9.06321875205766,17.52263459007473,-4.598917198915644,2.1335673554759107,-12.059864816934612
EFT:6.414441921408271,-6.1727398375369615,-1.3213414203013567,2.393437335075191,3.8114422421592513,9.06321875205766,17.522634590074727,-4.598917198915644,2.1335673554759107,-12.059864816934612
Random224
Raw:6.414441921408271,-6.1727398375369615,-1.3213414203013558,2.39343733507519,3.8114422421592513,9.06321875205766,17.522634590074727,-4.598917198915644,2.1335673554759103,-12.059864816934613
EFT:6.414441921408271,-6.1727398375369615,-1.3213414203013567,2.393437335075191,3.8114422421592513,9.06321875205766,17.522634590074727,-4.598917198915643,2.1335673554759107,-12.059864816934612
Random225
Raw:6.414441921408271,-6.172739837536961,-1.3213414203013558,2.3934373350751903,3.8114422421592504,9.063218752057661,17.522634590074727,-4.598917198915647,2.1335673554759103,-12.059864816934612
EFT:6.414441921408271,-6.1727398375369615,-1.3213414203013567,2.393437335075191,3.8114422421592513,9.06321875205766,17.522634590074727,-4.598917198915643,2.1335673554759107,-12.059864816934612
Random226
Raw:6.414441921408269,-6.1727398375369615,-1.3213414203013567,2.3934373350751903,3.8114422421592495,9.06321875205766,17.522634590074727,-4.598917198915643,2.1335673554759107,-12.059864816934612
EFT:6.414441921408271,-6.1727398375369615,-1.3213414203013567,2.393437335075191,3.8114422421592513,9.06321875205766,17.522634590074727,-4.598917198915643,2.1335673554759107,-12.059864816934612
Random227
Raw:6.41444192140827,-6.1727398375369615,-1.3213414203013567,2.393437335075189,3.811442242159252,9.063218752057658,17.522634590074727,-4.598917198915648,2.1335673554759103,-12.059864816934612
EFT:6.414441921408271,-6.1727398375369615,-1.3213414203013567,2.393437335075191,3.8114422421592513,9.06321875205766,17.522634590074727,-4.598917198915644,2.1335673554759107,-12.059864816934612
Random228
Raw:6.414441921408267,-6.172739837536961,-1.3213414203013565,2.3934373350751907,3.8114422421592513,9.06321875205766,17.522634590074727,-4.598917198915644,2.1335673554759103,-12.059864816934612
EFT:6.414441921408271,-6.1727398375369615,-1.3213414203013567,2.393437335075191,3.8114422421592513,9.06321875205766,17.522634590074727,-4.598917198915643,2.1335673554759107,-12.059864816934612
Random229
Raw:6.414441921408272,-6.172739837536963,-1.3213414203013567,2.3934373350751916,3.8114422421592513,9.063218752057661,17.522634590074727,-4.598917198915643,2.133567355475911,-12.059864816934612
EFT:6.414441921408271,-6.1727398375369615,-1.3213414203013567,2.393437335075191,3.8114422421592513,9.06321875205766,17.522634590074727,-4.598917198915643,2.1335673554759107,-12.059864816934612
Random230
Raw:6.414441921408271,-6.172739837536961,-1.3213414203013591,2.3934373350751907,3.8114422421592504,9.063218752057658,17.52263459007473,-4.598917198915642,2.1335673554759107,-12.059864816934612
EFT:6.414441921408271,-6.1727398375369615,-1.3213414203013567,2.393437335075191,3.8114422421592513,9.06321875205766,17.522634590074727,-4.598917198915643,2.1335673554759107,-12.059864816934612
Random231
Raw:6.41444192140827,-6.172739837536962,-1.3213414203013558,2.3934373350751907,3.811442242159252,9.06321875205766,17.522634590074723,-4.598917198915643,2.1335673554759107,-12.059864816934612
EFT:6.414441921408271,-6.1727398375369615,-1.3213414203013567,2.393437335075191,3.8114422421592513,9.06321875205766,17.522634590074727,-4.598917198915643,2.1335673554759107,-12.059864816934612
Random232
Raw:6.414441921408271,-6.172739837536961,-1.321341420301355,2.3934373350751916,3.811442242159254,9.06321875205766,17.52263459007473,-4.598917198915641,2.1335673554759103,-12.059864816934612
EFT:6.414441921408271,-6.1727398375369615,-1.3213414203013567,2.393437335075191,3.8114422421592513,9.06321875205766,17.522634590074727,-4.598917198915643,2.1335673554759107,-12.059864816934612
Random233
Raw:6.4144419214082715,-6.172739837536961,-1.3213414203013558,2.393437335075194,3.8114422421592513,9.063218752057658,17.522634590074723,-4.598917198915643,2.1335673554759103,-12.05986481693461
EFT:6.414441921408271,-6.1727398375369615,-1.3213414203013567,2.393437335075191,3.8114422421592513,9.06321875205766,17.522634590074727,-4.598917198915643,2.1335673554759107,-12.059864816934612
Random234
Raw:6.4144419214082715,-6.17273983753696,-1.3213414203013565,2.3934373350751907,3.8114422421592504,9.063218752057658,17.522634590074727,-4.598917198915642,2.133567355475912,-12.059864816934612
EFT:6.414441921408271,-6.1727398375369615,-1.3213414203013567,2.393437335075191,3.8114422421592513,9.06321875205766,17.522634590074727,-4.598917198915643,2.1335673554759103,-12.059864816934612
Random235
Raw:6.414441921408271,-6.172739837536961,-1.321341420301358,2.3934373350751907,3.811442242159252,9.06321875205766,17.522634590074727,-4.598917198915643,2.13356735547591,-12.05986481693461
EFT:6.414441921408271,-6.1727398375369615,-1.3213414203013567,2.393437335075191,3.8114422421592513,9.06321875205766,17.522634590074727,-4.598917198915643,2.1335673554759107,-12.059864816934612
Random236
Raw:6.414441921408271,-6.1727398375369615,-1.3213414203013576,2.3934373350751907,3.811442242159252,9.06321875205766,17.522634590074727,-4.598917198915643,2.1335673554759116,-12.059864816934612
EFT:6.414441921408271,-6.1727398375369615,-1.3213414203013567,2.393437335075191,3.8114422421592513,9.06321875205766,17.522634590074727,-4.598917198915643,2.1335673554759107,-12.059864816934612
Random237
Raw:6.414441921408271,-6.1727398375369615,-1.3213414203013576,2.3934373350751903,3.8114422421592504,9.06321875205766,17.522634590074723,-4.598917198915641,2.1335673554759107,-12.059864816934612
EFT:6.414441921408271,-6.1727398375369615,-1.3213414203013567,2.393437335075191,3.8114422421592513,9.06321875205766,17.522634590074727,-4.598917198915643,2.1335673554759107,-12.059864816934612
Random238
Raw:6.414441921408271,-6.1727398375369615,-1.3213414203013585,2.393437335075191,3.811442242159252,9.063218752057661,17.522634590074723,-4.598917198915644,2.1335673554759103,-12.059864816934612
EFT:6.414441921408271,-6.1727398375369615,-1.3213414203013567,2.393437335075191,3.8114422421592513,9.06321875205766,17.522634590074727,-4.598917198915643,2.1335673554759107,-12.059864816934612
Random239
Raw:6.4144419214082715,-6.172739837536961,-1.3213414203013567,2.393437335075191,3.8114422421592504,9.06321875205766,17.522634590074727,-4.598917198915643,2.1335673554759107,-12.059864816934612
EFT:6.414441921408271,-6.1727398375369615,-1.3213414203013567,2.393437335075191,3.8114422421592513,9.06321875205766,17.522634590074727,-4.598917198915644,2.1335673554759107,-12.059864816934612
Random240
Raw:6.4144419214082715,-6.1727398375369615,-1.321341420301355,2.393437335075194,3.811442242159252,9.06321875205766,17.522634590074727,-4.598917198915643,2.1335673554759103,-12.059864816934612
EFT:6.414441921408271,-6.1727398375369615,-1.3213414203013565,2.393437335075191,3.8114422421592513,9.06321875205766,17.522634590074727,-4.598917198915643,2.1335673554759107,-12.059864816934612
Random241
Raw:6.414441921408271,-6.172739837536962,-1.321341420301357,2.3934373350751907,3.8114422421592504,9.063218752057658,17.522634590074723,-4.598917198915644,2.133567355475912,-12.059864816934613
EFT:6.414441921408271,-6.1727398375369615,-1.3213414203013567,2.393437335075191,3.8114422421592513,9.06321875205766,17.522634590074727,-4.598917198915644,2.1335673554759107,-12.059864816934612
Random242
Raw:6.414441921408271,-6.1727398375369615,-1.3213414203013567,2.3934373350751916,3.8114422421592504,9.06321875205766,17.522634590074727,-4.598917198915643,2.133567355475913,-12.059864816934612
EFT:6.414441921408271,-6.1727398375369615,-1.3213414203013567,2.393437335075191,3.8114422421592513,9.06321875205766,17.522634590074727,-4.598917198915643,2.1335673554759107,-12.059864816934612
Random243
Raw:6.41444192140827,-6.172739837536961,-1.3213414203013554,2.3934373350751916,3.811442242159252,9.06321875205766,17.522634590074727,-4.598917198915641,2.133567355475911,-12.059864816934612
EFT:6.414441921408271,-6.1727398375369615,-1.3213414203013567,2.393437335075191,3.8114422421592513,9.06321875205766,17.522634590074727,-4.598917198915643,2.1335673554759107,-12.059864816934612
Random244
Raw:6.414441921408271,-6.172739837536961,-1.3213414203013567,2.3934373350751907,3.8114422421592504,9.06321875205766,17.52263459007473,-4.5989171989156485,2.133567355475912,-12.059864816934612
EFT:6.414441921408271,-6.1727398375369615,-1.3213414203013567,2.393437335075191,3.8114422421592513,9.06321875205766,17.522634590074727,-4.598917198915643,2.1335673554759107,-12.059864816934612
Random245
Raw:6.414441921408271,-6.17273983753696,-1.3213414203013567,2.393437335075191,3.8114422421592513,9.06321875205766,17.522634590074727,-4.598917198915645,2.1335673554759103,-12.05986481693461
EFT:6.414441921408271,-6.1727398375369615,-1.3213414203013567,2.393437335075191,3.8114422421592513,9.06321875205766,17.522634590074727,-4.598917198915643,2.1335673554759107,-12.059864816934612
Random246
Raw:6.4144419214082715,-6.1727398375369615,-1.3213414203013567,2.3934373350751907,3.8114422421592504,9.06321875205766,17.522634590074727,-4.598917198915645,2.133567355475911,-12.059864816934612
EFT:6.414441921408271,-6.1727398375369615,-1.3213414203013567,2.393437335075191,3.8114422421592513,9.06321875205766,17.522634590074727,-4.598917198915643,2.1335673554759107,-12.059864816934612
Random247
Raw:6.414441921408268,-6.17273983753696,-1.3213414203013576,2.3934373350751903,3.8114422421592504,9.063218752057658,17.52263459007473,-4.598917198915645,2.1335673554759107,-12.059864816934612
EFT:6.414441921408271,-6.1727398375369615,-1.3213414203013567,2.393437335075191,3.8114422421592513,9.06321875205766,17.522634590074727,-4.598917198915643,2.1335673554759107,-12.059864816934612
Random248
Raw:6.4144419214082715,-6.172739837536961,-1.3213414203013572,2.3934373350751885,3.8114422421592504,9.06321875205766,17.52263459007473,-4.598917198915642,2.1335673554759103,-12.059864816934612
EFT:6.414441921408271,-6.1727398375369615,-1.3213414203013565,2.393437335075191,3.8114422421592513,9.06321875205766,17.522634590074727,-4.598917198915643,2.1335673554759107,-12.059864816934612
Random249
Raw:6.414441921408271,-6.1727398375369615,-1.3213414203013556,2.393437335075191,3.8114422421592513,9.06321875205766,17.52263459007473,-4.598917198915645,2.1335673554759103,-12.059864816934612
EFT:6.414441921408271,-6.1727398375369615,-1.3213414203013567,2.393437335075191,3.8114422421592513,9.06321875205766,17.522634590074727,-4.598917198915643,2.1335673554759107,-12.059864816934612
Random250
Raw:6.41444192140827,-6.172739837536961,-1.3213414203013572,2.3934373350751907,3.8114422421592504,9.06321875205766,17.522634590074727,-4.598917198915643,2.1335673554759103,-12.059864816934612
EFT:6.414441921408271,-6.1727398375369615,-1.3213414203013567,2.393437335075191,3.8114422421592513,9.06321875205766,17.522634590074727,-4.598917198915643,2.1335673554759107,-12.059864816934612
Random251
Raw:6.41444192140827,-6.172739837536962,-1.3213414203013567,2.3934373350751903,3.8114422421592513,9.06321875205766,17.52263459007473,-4.598917198915643,2.133567355475912,-12.059864816934612
EFT:6.414441921408271,-6.1727398375369615,-1.3213414203013567,2.393437335075191,3.8114422421592513,9.06321875205766,17.522634590074727,-4.598917198915643,2.1335673554759107,-12.059864816934612
Random252
Raw:6.41444192140827,-6.1727398375369615,-1.3213414203013563,2.393437335075192,3.811442242159254,9.06321875205766,17.522634590074727,-4.598917198915644,2.133567355475911,-12.059864816934612
EFT:6.414441921408271,-6.1727398375369615,-1.3213414203013567,2.393437335075191,3.8114422421592513,9.06321875205766,17.522634590074727,-4.598917198915643,2.1335673554759107,-12.059864816934612
Random253
Raw:6.41444192140827,-6.1727398375369615,-1.3213414203013563,2.393437335075191,3.811442242159254,9.063218752057658,17.522634590074727,-4.598917198915642,2.133567355475911,-12.059864816934612
EFT:6.414441921408271,-6.1727398375369615,-1.3213414203013567,2.393437335075191,3.8114422421592513,9.06321875205766,17.522634590074727,-4.598917198915643,2.1335673554759107,-12.059864816934612
Random254
Raw:6.414441921408269,-6.172739837536962,-1.3213414203013585,2.393437335075191,3.8114422421592513,9.06321875205766,17.52263459007473,-4.598917198915643,2.1335673554759103,-12.059864816934612
EFT:6.414441921408271,-6.1727398375369615,-1.3213414203013567,2.393437335075191,3.8114422421592513,9.06321875205766,17.522634590074727,-4.598917198915643,2.1335673554759103,-12.059864816934612
Random255
Raw:6.414441921408269,-6.172739837536961,-1.3213414203013556,2.3934373350751894,3.8114422421592513,9.06321875205766,17.522634590074727,-4.598917198915643,2.133567355475909,-12.059864816934613
EFT:6.414441921408271,-6.1727398375369615,-1.3213414203013567,2.393437335075191,3.8114422421592513,9.06321875205766,17.522634590074727,-4.598917198915643,2.1335673554759107,-12.059864816934612
Random256
Raw:6.4144419214082715,-6.17273983753696,-1.3213414203013585,2.393437335075192,3.8114422421592504,9.06321875205766,17.52263459007473,-4.598917198915643,2.133567355475911,-12.059864816934612
EFT:6.414441921408271,-6.1727398375369615,-1.3213414203013567,2.393437335075191,3.8114422421592513,9.06321875205766,17.522634590074727,-4.598917198915643,2.1335673554759107,-12.059864816934612
Random257
Raw:6.414441921408271,-6.172739837536961,-1.3213414203013583,2.393437335075191,3.811442242159252,9.06321875205766,17.522634590074727,-4.598917198915642,2.133567355475911,-12.059864816934612
EFT:6.414441921408271,-6.1727398375369615,-1.3213414203013567,2.393437335075191,3.8114422421592513,9.06321875205766,17.522634590074727,-4.598917198915644,2.1335673554759107,-12.059864816934612
Random258
Raw:6.414441921408268,-6.17273983753696,-1.3213414203013585,2.3934373350751907,3.811442242159254,9.063218752057658,17.522634590074723,-4.598917198915641,2.133567355475911,-12.059864816934612
EFT:6.414441921408271,-6.1727398375369615,-1.3213414203013567,2.393437335075191,3.8114422421592513,9.06321875205766,17.522634590074727,-4.598917198915644,2.1335673554759107,-12.059864816934612
Random259
Raw:6.41444192140827,-6.172739837536963,-1.3213414203013558,2.393437335075191,3.811442242159254,9.063218752057658,17.52263459007473,-4.598917198915643,2.13356735547591,-12.059864816934612
EFT:6.414441921408271,-6.1727398375369615,-1.3213414203013567,2.393437335075191,3.8114422421592513,9.06321875205766,17.522634590074727,-4.598917198915643,2.1335673554759107,-12.059864816934612
Random260
Raw:6.414441921408269,-6.1727398375369615,-1.3213414203013567,2.3934373350751925,3.811442242159254,9.06321875205766,17.52263459007473,-4.598917198915643,2.133567355475911,-12.059864816934612
EFT:6.414441921408271,-6.1727398375369615,-1.3213414203013567,2.393437335075191,3.8114422421592513,9.06321875205766,17.522634590074727,-4.598917198915643,2.1335673554759107,-12.059864816934612
Random261
Raw:6.414441921408271,-6.1727398375369615,-1.3213414203013563,2.3934373350751907,3.811442242159253,9.06321875205766,17.522634590074723,-4.598917198915644,2.133567355475911,-12.059864816934612
EFT:6.414441921408271,-6.1727398375369615,-1.3213414203013567,2.393437335075191,3.8114422421592513,9.06321875205766,17.522634590074727,-4.598917198915643,2.1335673554759107,-12.059864816934612
Random262
Raw:6.414441921408269,-6.172739837536962,-1.3213414203013567,2.3934373350751907,3.811442242159252,9.06321875205766,17.52263459007473,-4.598917198915645,2.1335673554759103,-12.059864816934612
EFT:6.414441921408271,-6.1727398375369615,-1.3213414203013567,2.393437335075191,3.8114422421592513,9.06321875205766,17.522634590074727,-4.598917198915643,2.1335673554759107,-12.059864816934612
Random263
Raw:6.414441921408271,-6.1727398375369615,-1.3213414203013572,2.3934373350751916,3.8114422421592504,9.06321875205766,17.52263459007473,-4.598917198915643,2.1335673554759103,-12.059864816934612
EFT:6.414441921408271,-6.1727398375369615,-1.3213414203013567,2.393437335075191,3.8114422421592513,9.06321875205766,17.522634590074727,-4.598917198915643,2.1335673554759107,-12.059864816934612
Random264
Raw:6.414441921408269,-6.172739837536959,-1.3213414203013585,2.3934373350751907,3.8114422421592504,9.063218752057661,17.522634590074727,-4.598917198915643,2.1335673554759103,-12.059864816934612
EFT:6.414441921408271,-6.1727398375369615,-1.3213414203013567,2.393437335075191,3.8114422421592513,9.06321875205766,17.522634590074727,-4.598917198915643,2.1335673554759107,-12.059864816934612
Random265
Raw:6.4144419214082715,-6.17273983753696,-1.3213414203013567,2.393437335075191,3.811442242159252,9.06321875205766,17.522634590074727,-4.598917198915641,2.13356735547591,-12.059864816934612
EFT:6.414441921408271,-6.1727398375369615,-1.3213414203013565,2.393437335075191,3.8114422421592513,9.06321875205766,17.522634590074727,-4.598917198915644,2.1335673554759107,-12.059864816934612
Random266
Raw:6.414441921408269,-6.1727398375369615,-1.3213414203013558,2.3934373350751907,3.811442242159252,9.06321875205766,17.52263459007473,-4.598917198915644,2.1335673554759107,-12.059864816934612
EFT:6.414441921408271,-6.1727398375369615,-1.3213414203013567,2.393437335075191,3.8114422421592513,9.06321875205766,17.522634590074727,-4.598917198915643,2.1335673554759107,-12.059864816934612
Random267
Raw:6.4144419214082715,-6.17273983753696,-1.3213414203013567,2.393437335075192,3.8114422421592513,9.06321875205766,17.522634590074727,-4.598917198915643,2.1335673554759103,-12.059864816934612
EFT:6.414441921408271,-6.1727398375369615,-1.3213414203013567,2.393437335075191,3.8114422421592513,9.06321875205766,17.522634590074727,-4.598917198915643,2.1335673554759107,-12.059864816934612
Random268
Raw:6.414441921408269,-6.17273983753696,-1.3213414203013567,2.3934373350751903,3.8114422421592487,9.063218752057658,17.52263459007473,-4.598917198915645,2.133567355475914,-12.059864816934612
EFT:6.414441921408271,-6.1727398375369615,-1.3213414203013567,2.393437335075191,3.8114422421592513,9.06321875205766,17.522634590074727,-4.598917198915643,2.1335673554759107,-12.059864816934612
Random269
Raw:6.414441921408271,-6.172739837536958,-1.3213414203013567,2.3934373350751903,3.8114422421592513,9.063218752057658,17.522634590074727,-4.598917198915643,2.133567355475911,-12.05986481693461
EFT:6.414441921408271,-6.1727398375369615,-1.3213414203013567,2.393437335075191,3.8114422421592513,9.06321875205766,17.522634590074727,-4.598917198915643,2.1335673554759107,-12.059864816934612
Random270
Raw:6.414441921408269,-6.172739837536961,-1.3213414203013572,2.393437335075191,3.8114422421592513,9.06321875205766,17.522634590074727,-4.598917198915643,2.133567355475913,-12.059864816934612
EFT:6.414441921408271,-6.1727398375369615,-1.3213414203013567,2.393437335075191,3.8114422421592513,9.06321875205766,17.522634590074727,-4.598917198915644,2.1335673554759107,-12.059864816934612
Random271
Raw:6.414441921408271,-6.1727398375369615,-1.3213414203013572,2.393437335075192,3.811442242159252,9.06321875205766,17.522634590074727,-4.598917198915643,2.133567355475913,-12.059864816934612
EFT:6.414441921408271,-6.1727398375369615,-1.3213414203013567,2.393437335075191,3.8114422421592513,9.06321875205766,17.522634590074727,-4.598917198915643,2.1335673554759107,-12.059864816934612
Random272
Raw:6.41444192140827,-6.17273983753696,-1.3213414203013565,2.393437335075191,3.811442242159252,9.06321875205766,17.52263459007473,-4.598917198915643,2.1335673554759103,-12.059864816934612
EFT:6.414441921408271,-6.1727398375369615,-1.3213414203013567,2.393437335075191,3.8114422421592513,9.06321875205766,17.522634590074727,-4.598917198915643,2.1335673554759107,-12.059864816934612
Random273
Raw:6.414441921408271,-6.172739837536961,-1.3213414203013567,2.393437335075191,3.811442242159252,9.063218752057658,17.522634590074727,-4.598917198915644,2.1335673554759103,-12.059864816934612
EFT:6.414441921408271,-6.1727398375369615,-1.3213414203013567,2.393437335075191,3.8114422421592513,9.06321875205766,17.522634590074727,-4.598917198915643,2.1335673554759107,-12.059864816934612
Random274
Raw:6.414441921408271,-6.172739837536959,-1.321341420301359,2.3934373350751907,3.8114422421592504,9.063218752057658,17.522634590074727,-4.598917198915644,2.1335673554759103,-12.059864816934612
EFT:6.414441921408271,-6.1727398375369615,-1.3213414203013567,2.393437335075191,3.8114422421592513,9.06321875205766,17.522634590074727,-4.598917198915643,2.1335673554759107,-12.059864816934612
Random275
Raw:6.414441921408269,-6.17273983753696,-1.3213414203013567,2.3934373350751916,3.8114422421592504,9.063218752057658,17.52263459007473,-4.5989171989156485,2.1335673554759107,-12.059864816934613
EFT:6.414441921408271,-6.1727398375369615,-1.3213414203013567,2.393437335075191,3.8114422421592513,9.06321875205766,17.522634590074727,-4.598917198915643,2.1335673554759107,-12.059864816934612
Random276
Raw:6.41444192140827,-6.1727398375369615,-1.3213414203013567,2.3934373350751894,3.8114422421592504,9.063218752057661,17.522634590074727,-4.598917198915643,2.1335673554759085,-12.059864816934612
EFT:6.414441921408271,-6.1727398375369615,-1.3213414203013567,2.393437335075191,3.8114422421592513,9.06321875205766,17.522634590074727,-4.598917198915643,2.1335673554759107,-12.059864816934612
Random277
Raw:6.414441921408269,-6.1727398375369615,-1.3213414203013558,2.3934373350751903,3.811442242159252,9.06321875205766,17.522634590074727,-4.598917198915642,2.1335673554759107,-12.059864816934612
EFT:6.414441921408271,-6.1727398375369615,-1.3213414203013567,2.393437335075191,3.8114422421592513,9.06321875205766,17.522634590074727,-4.598917198915643,2.1335673554759107,-12.059864816934612
Random278
Raw:6.41444192140827,-6.172739837536961,-1.3213414203013594,2.3934373350751894,3.811442242159254,9.06321875205766,17.522634590074727,-4.598917198915641,2.13356735547591,-12.059864816934612
EFT:6.414441921408271,-6.1727398375369615,-1.3213414203013567,2.393437335075191,3.8114422421592513,9.06321875205766,17.522634590074727,-4.598917198915643,2.1335673554759107,-12.059864816934612
Random279
Raw:6.41444192140827,-6.172739837536961,-1.3213414203013567,2.3934373350751907,3.811442242159252,9.06321875205766,17.522634590074727,-4.598917198915645,2.1335673554759107,-12.059864816934612
EFT:6.414441921408271,-6.1727398375369615,-1.3213414203013567,2.393437335075191,3.8114422421592513,9.06321875205766,17.522634590074727,-4.598917198915643,2.1335673554759107,-12.059864816934612
Random280
Raw:6.4144419214082715,-6.17273983753696,-1.3213414203013576,2.393437335075192,3.8114422421592513,9.06321875205766,17.522634590074727,-4.598917198915643,2.1335673554759103,-12.059864816934612
EFT:6.414441921408271,-6.1727398375369615,-1.3213414203013567,2.393437335075191,3.8114422421592513,9.06321875205766,17.522634590074727,-4.598917198915643,2.1335673554759107,-12.059864816934612
Random281
Raw:6.41444192140827,-6.17273983753696,-1.3213414203013572,2.393437335075191,3.811442242159252,9.06321875205766,17.52263459007473,-4.598917198915643,2.133567355475911,-12.059864816934612
EFT:6.414441921408271,-6.1727398375369615,-1.3213414203013567,2.393437335075191,3.8114422421592513,9.06321875205766,17.522634590074727,-4.598917198915643,2.1335673554759107,-12.059864816934612
Random282
Raw:6.4144419214082715,-6.1727398375369615,-1.3213414203013545,2.3934373350751916,3.8114422421592504,9.063218752057658,17.522634590074723,-4.598917198915643,2.1335673554759103,-12.059864816934612
EFT:6.414441921408271,-6.1727398375369615,-1.3213414203013567,2.393437335075191,3.8114422421592513,9.06321875205766,17.522634590074727,-4.598917198915643,2.1335673554759107,-12.059864816934612
Random283
Raw:6.4144419214082715,-6.172739837536961,-1.321341420301355,2.3934373350751916,3.811442242159252,9.063218752057661,17.522634590074727,-4.598917198915642,2.1335673554759103,-12.059864816934612
EFT:6.414441921408271,-6.1727398375369615,-1.3213414203013567,2.393437335075191,3.8114422421592513,9.06321875205766,17.522634590074727,-4.598917198915644,2.1335673554759107,-12.059864816934612
Random284
Raw:6.41444192140827,-6.172739837536961,-1.3213414203013558,2.3934373350751916,3.8114422421592513,9.063218752057661,17.522634590074727,-4.598917198915651,2.1335673554759103,-12.059864816934612
EFT:6.414441921408271,-6.1727398375369615,-1.3213414203013567,2.393437335075191,3.8114422421592513,9.06321875205766,17.522634590074727,-4.598917198915643,2.1335673554759107,-12.059864816934612
Random285
Raw:6.41444192140827,-6.172739837536961,-1.3213414203013576,2.3934373350751916,3.811442242159253,9.063218752057658,17.522634590074727,-4.598917198915643,2.1335673554759103,-12.059864816934613
EFT:6.414441921408271,-6.1727398375369615,-1.3213414203013567,2.393437335075191,3.8114422421592513,9.06321875205766,17.522634590074727,-4.598917198915643,2.1335673554759107,-12.059864816934612
Random286
Raw:6.41444192140827,-6.1727398375369615,-1.3213414203013567,2.3934373350751903,3.8114422421592504,9.06321875205766,17.522634590074734,-4.598917198915643,2.1335673554759107,-12.059864816934612
EFT:6.414441921408271,-6.1727398375369615,-1.3213414203013567,2.393437335075191,3.8114422421592513,9.06321875205766,17.522634590074727,-4.598917198915644,2.1335673554759107,-12.059864816934612
Random287
Raw:6.414441921408271,-6.172739837536961,-1.3213414203013585,2.3934373350751903,3.8114422421592513,9.06321875205766,17.522634590074727,-4.598917198915647,2.1335673554759107,-12.059864816934612
EFT:6.414441921408271,-6.1727398375369615,-1.3213414203013567,2.393437335075191,3.8114422421592513,9.06321875205766,17.522634590074727,-4.598917198915643,2.1335673554759107,-12.059864816934612
Random288
Raw:6.414441921408271,-6.172739837536961,-1.3213414203013576,2.3934373350751903,3.811442242159253,9.063218752057658,17.522634590074727,-4.5989171989156485,2.1335673554759103,-12.059864816934613
EFT:6.414441921408271,-6.1727398375369615,-1.3213414203013567,2.393437335075191,3.8114422421592513,9.06321875205766,17.522634590074727,-4.598917198915643,2.1335673554759107,-12.059864816934612
Random289
Raw:6.4144419214082715,-6.172739837536961,-1.3213414203013558,2.3934373350751907,3.811442242159253,9.06321875205766,17.522634590074727,-4.598917198915645,2.1335673554759094,-12.059864816934612
EFT:6.414441921408271,-6.1727398375369615,-1.3213414203013567,2.393437335075191,3.8114422421592513,9.06321875205766,17.522634590074727,-4.598917198915643,2.1335673554759107,-12.059864816934612
Random290
Raw:6.41444192140827,-6.17273983753696,-1.3213414203013567,2.393437335075191,3.811442242159252,9.06321875205766,17.52263459007473,-4.598917198915642,2.133567355475911,-12.059864816934612
EFT:6.414441921408271,-6.1727398375369615,-1.3213414203013567,2.393437335075191,3.8114422421592513,9.06321875205766,17.522634590074727,-4.598917198915643,2.1335673554759107,-12.059864816934612
Random291
Raw:6.4144419214082715,-6.172739837536961,-1.3213414203013576,2.3934373350751903,3.811442242159255,9.063218752057658,17.52263459007473,-4.598917198915643,2.1335673554759107,-12.059864816934612
EFT:6.414441921408271,-6.1727398375369615,-1.3213414203013567,2.393437335075191,3.8114422421592513,9.06321875205766,17.522634590074727,-4.598917198915643,2.1335673554759107,-12.059864816934612
Random292
Raw:6.414441921408271,-6.172739837536961,-1.3213414203013567,2.3934373350751907,3.811442242159252,9.06321875205766,17.52263459007473,-4.598917198915643,2.133567355475911,-12.059864816934612
EFT:6.414441921408271,-6.1727398375369615,-1.3213414203013567,2.393437335075191,3.8114422421592513,9.06321875205766,17.522634590074727,-4.598917198915643,2.1335673554759107,-12.059864816934612
Random293
Raw:6.414441921408269,-6.172739837536961,-1.3213414203013565,2.393437335075191,3.8114422421592504,9.06321875205766,17.52263459007473,-4.598917198915644,2.1335673554759103,-12.059864816934612
EFT:6.414441921408271,-6.1727398375369615,-1.3213414203013567,2.393437335075191,3.8114422421592513,9.06321875205766,17.522634590074727,-4.598917198915643,2.1335673554759107,-12.059864816934612
Random294
Raw:6.414441921408269,-6.172739837536962,-1.3213414203013567,2.3934373350751925,3.811442242159253,9.063218752057658,17.522634590074727,-4.598917198915643,2.1335673554759107,-12.059864816934612
EFT:6.414441921408271,-6.1727398375369615,-1.3213414203013567,2.393437335075191,3.8114422421592513,9.06321875205766,17.522634590074727,-4.598917198915643,2.1335673554759103,-12.059864816934612
Random295
Raw:6.414441921408271,-6.17273983753696,-1.321341420301355,2.393437335075191,3.8114422421592504,9.063218752057658,17.522634590074727,-4.598917198915643,2.1335673554759094,-12.059864816934612
EFT:6.414441921408271,-6.1727398375369615,-1.3213414203013567,2.393437335075191,3.8114422421592513,9.06321875205766,17.522634590074727,-4.598917198915643,2.1335673554759107,-12.059864816934612
Random296
Raw:6.4144419214082715,-6.1727398375369615,-1.3213414203013565,2.3934373350751903,3.811442242159252,9.06321875205766,17.522634590074727,-4.598917198915644,2.133567355475912,-12.05986481693461
EFT:6.414441921408271,-6.1727398375369615,-1.3213414203013567,2.393437335075191,3.8114422421592513,9.06321875205766,17.522634590074727,-4.598917198915643,2.1335673554759103,-12.059864816934612
Random297
Raw:6.41444192140827,-6.172739837536961,-1.3213414203013572,2.3934373350751916,3.811442242159254,9.06321875205766,17.522634590074727,-4.598917198915641,2.1335673554759107,-12.059864816934612
EFT:6.414441921408271,-6.1727398375369615,-1.3213414203013567,2.393437335075191,3.8114422421592513,9.06321875205766,17.522634590074727,-4.598917198915643,2.1335673554759107,-12.059864816934612
Random298
Raw:6.41444192140827,-6.172739837536961,-1.3213414203013556,2.3934373350751903,3.811442242159252,9.06321875205766,17.522634590074727,-4.598917198915642,2.133567355475911,-12.059864816934612
EFT:6.414441921408271,-6.1727398375369615,-1.3213414203013567,2.393437335075191,3.8114422421592513,9.06321875205766,17.522634590074727,-4.598917198915643,2.1335673554759107,-12.059864816934612
Random299
Raw:6.4144419214082715,-6.172739837536962,-1.3213414203013567,2.3934373350751903,3.811442242159252,9.06321875205766,17.522634590074727,-4.598917198915641,2.1335673554759103,-12.059864816934612
EFT:6.414441921408271,-6.1727398375369615,-1.3213414203013567,2.393437335075191,3.8114422421592513,9.06321875205766,17.522634590074727,-4.598917198915643,2.1335673554759107,-12.059864816934612
Random300
Raw:6.414441921408271,-6.1727398375369615,-1.3213414203013567,2.3934373350751894,3.811442242159252,9.06321875205766,17.52263459007473,-4.598917198915642,2.13356735547591,-12.059864816934612
EFT:6.414441921408271,-6.1727398375369615,-1.3213414203013567,2.393437335075191,3.8114422421592513,9.06321875205766,17.522634590074727,-4.598917198915643,2.1335673554759107,-12.059864816934612
